# t_sec alpha_deg
0.05 2
0.1 2.00042
0.15 2.00083
0.2 2.00124
0.25 2.00165
0.3 2.00205
0.35 2.00245
0.4 2.00284
0.45 2.00322
0.5 2.0036
0.55 2.00398
0.6 2.00435
0.65 2.00472
0.7 2.00508
0.75 2.00544
0.8 2.00579
0.85 2.00614
0.9 2.00648
0.95 2.00682
1 2.00716
1.05 2.00749
1.1 2.00781
1.15 2.00813
1.2 2.00845
1.25 2.00876
1.3 2.00906
1.35 2.00936
1.4 2.00966
1.45 2.00995
1.5 2.01024
1.55 2.01052
1.6 2.0108
1.65 2.01107
1.7 2.01134
1.75 2.0116
1.8 2.01186
1.85 2.01211
1.9 2.01236
1.95 2.0126
2 2.01284
2.05 2.01307
2.1 2.0133
2.15 2.01353
2.2 2.01375
2.25 2.01396
2.3 2.01417
2.35 2.01438
2.4 2.01458
2.45 2.01477
2.5 2.01496
2.55 2.01515
2.6 2.01533
2.65 2.01551
2.7 2.01568
2.75 2.01584
2.8 2.01601
2.85 2.01616
2.9 2.01631
2.95 2.01646
3 2.0166
3.05 2.01674
3.1 2.01687
3.15 2.017
3.2 2.01712
3.25 2.01724
3.3 2.01735
3.35 2.01746
3.4 2.01756
3.45 2.01766
3.5 2.01775
3.55 2.01784
3.6 2.01792
3.65 2.018
3.7 2.01807
3.75 2.01814
3.8 2.0182
3.85 2.01826
3.9 2.01831
3.95 2.01836
4 2.0184
4.05 2.01844
4.1 2.01847
4.15 2.0185
4.2 2.01852
4.25 2.01853
4.3 2.01855
4.35 2.01855
4.4 2.01855
4.45 2.01855
4.5 2.01854
4.55 2.01854
4.6 2.01853
4.65 2.01853
4.7 2.01852
4.75 2.01852
4.8 2.01851
4.85 2.01851
4.9 2.0185
4.95 2.0185
5 2.01849
5.05 2.01849
5.1 2.01848
5.15 2.01848
5.2 2.01847
5.25 2.01847
5.3 2.01846
5.35 2.01846
5.4 2.01845
5.45 2.01845
5.5 2.01844
5.55 2.01844
5.6 2.01843
5.65 2.01843
5.7 2.01842
5.75 2.01842
5.8 2.01841
5.85 2.01841
5.9 2.0184
5.95 2.0184
6 2.01839
6.05 2.01838
6.1 2.01838
6.15 2.01837
6.2 2.01837
6.25 2.01836
6.3 2.01836
6.35 2.01835
6.4 2.01835
6.45 2.01834
6.5 2.01834
6.55 2.01833
6.6 2.01833
6.65 2.01832
6.7 2.01832
6.75 2.01831
6.8 2.01831
6.85 2.0183
6.9 2.0183
6.95 2.01829
7 2.01829
7.05 2.01828
7.1 2.01828
7.15 2.01827
7.2 2.01827
7.25 2.01826
7.3 2.01826
7.35 2.01825
7.4 2.01825
7.45 2.01824
7.5 2.01824
7.55 2.01823
7.6 2.01823
7.65 2.01822
7.7 2.01822
7.75 2.01821
7.8 2.01821
7.85 2.0182
7.9 2.0182
7.95 2.01819
8 2.01819
8.05 2.01818
8.1 2.01818
8.15 2.01817
8.2 2.01817
8.25 2.01816
8.3 2.01816
8.35 2.01815
8.4 2.01815
8.45 2.01814
8.5 2.01814
8.55 2.01813
8.6 2.01813
8.65 2.01812
8.7 2.01812
8.75 2.01811
8.8 2.01811
8.85 2.0181
8.9 2.0181
8.95 2.01809
9 2.01809
9.05 2.01808
9.1 2.01808
9.15 2.01807
9.2 2.01807
9.25 2.01806
9.3 2.01806
9.35 2.01805
9.4 2.01805
9.45 2.01804
9.5 2.01804
9.55 2.01803
9.6 2.01803
9.65 2.01802
9.7 2.01802
9.75 2.01802
9.8 2.01801
9.85 2.01801
9.9 2.018
9.95 2.018
10 2.01799
10.05 2.01799
10.1 2.01798
10.15 2.01798
10.2 2.01797
10.25 2.01797
10.3 2.01796
10.35 2.01796
10.4 2.01795
10.45 2.01795
10.5 2.01794
10.55 2.01794
10.6 2.01793
10.65 2.01793
10.7 2.01792
10.75 2.01792
10.8 2.01791
10.85 2.01791
10.9 2.0179
10.95 2.0179
11 2.01789
11.05 2.01789
11.1 2.01788
11.15 2.01788
11.2 2.01787
11.25 2.01787
11.3 2.01787
11.35 2.01786
11.4 2.01786
11.45 2.01785
11.5 2.01785
11.55 2.01784
11.6 2.01784
11.65 2.01783
11.7 2.01783
11.75 2.01782
11.8 2.01782
11.85 2.01781
11.9 2.01781
11.95 2.0178
12 2.0178
12.05 2.01779
12.1 2.01779
12.15 2.01778
12.2 2.01778
12.25 2.01777
12.3 2.01777
12.35 2.01777
12.4 2.01776
12.45 2.01776
12.5 2.01775
12.55 2.01775
12.6 2.01774
12.65 2.01774
12.7 2.01773
12.75 2.01773
12.8 2.01772
12.85 2.01772
12.9 2.01771
12.95 2.01771
13 2.0177
13.05 2.0177
13.1 2.01769
13.15 2.01769
13.2 2.01769
13.25 2.01768
13.3 2.01768
13.35 2.01767
13.4 2.01767
13.45 2.01766
13.5 2.01766
13.55 2.01765
13.6 2.01765
13.65 2.01764
13.7 2.01764
13.75 2.01763
13.8 2.01763
13.85 2.01762
13.9 2.01762
13.95 2.01762
14 2.01761
14.05 2.01761
14.1 2.0176
14.15 2.0176
14.2 2.01759
14.25 2.01759
14.3 2.01758
14.35 2.01758
14.4 2.01757
14.45 2.01757
14.5 2.01756
14.55 2.01756
14.6 2.01756
14.65 2.01755
14.7 2.01755
14.75 2.01754
14.8 2.01754
14.85 2.01753
14.9 2.01753
14.95 2.01752
15 2.01752
15.05 2.01751
15.1 2.01751
15.15 2.01751
15.2 2.0175
15.25 2.0175
15.3 2.01749
15.35 2.01749
15.4 2.01748
15.45 2.01748
15.5 2.01747
15.55 2.01747
15.6 2.01746
15.65 2.01746
15.7 2.01746
15.75 2.01745
15.8 2.01745
15.85 2.01744
15.9 2.01744
15.95 2.01743
16 2.01743
16.05 2.01742
16.1 2.01742
16.15 2.01741
16.2 2.01741
16.25 2.01741
16.3 2.0174
16.35 2.0174
16.4 2.01739
16.45 2.01739
16.5 2.01738
16.55 2.01738
16.6 2.01737
16.65 2.01737
16.7 2.01737
16.75 2.01736
16.8 2.01736
16.85 2.01735
16.9 2.01735
16.95 2.01734
17 2.01734
17.05 2.01733
17.1 2.01733
17.15 2.01733
17.2 2.01732
17.25 2.01732
17.3 2.01731
17.35 2.01731
17.4 2.0173
17.45 2.0173
17.5 2.01729
17.55 2.01729
17.6 2.01729
17.65 2.01728
17.7 2.01728
17.75 2.01727
17.8 2.01727
17.85 2.01726
17.9 2.01726
17.95 2.01726
18 2.01725
18.05 2.01725
18.1 2.01724
18.15 2.01724
18.2 2.01723
18.25 2.01723
18.3 2.01722
18.35 2.01722
18.4 2.01722
18.45 2.01721
18.5 2.01721
18.55 2.0172
18.6 2.0172
18.65 2.01719
18.7 2.01719
18.75 2.01719
18.8 2.01718
18.85 2.01718
18.9 2.01717
18.95 2.01717
19 2.01716
19.05 2.01716
19.1 2.01716
19.15 2.01715
19.2 2.01715
19.25 2.01714
19.3 2.01714
19.35 2.01713
19.4 2.01713
19.45 2.01713
19.5 2.01712
19.55 2.01712
19.6 2.01711
19.65 2.01711
19.7 2.0171
19.75 2.0171
19.8 2.0171
19.85 2.01709
19.9 2.01709
19.95 2.01708
20 2.01708
20.05 2.01707
20.1 2.01707
20.15 2.01707
20.2 2.01706
20.25 2.01706
20.3 2.01705
20.35 2.01705
20.4 2.01704
20.45 2.01704
20.5 2.01704
20.55 2.01703
20.6 2.01703
20.65 2.01702
20.7 2.01702
20.75 2.01702
20.8 2.01701
20.85 2.01701
20.9 2.017
20.95 2.017
21 2.01699
21.05 2.01699
21.1 2.01699
21.15 2.01698
21.2 2.01698
21.25 2.01697
21.3 2.01697
21.35 2.01697
21.4 2.01696
21.45 2.01696
21.5 2.01695
21.55 2.01695
21.6 2.01694
21.65 2.01694
21.7 2.01694
21.75 2.01693
21.8 2.01693
21.85 2.01692
21.9 2.01692
21.95 2.01692
22 2.01691
22.05 2.01691
22.1 2.0169
22.15 2.0169
22.2 2.0169
22.25 2.01689
22.3 2.01689
22.35 2.01688
22.4 2.01688
22.45 2.01687
22.5 2.01687
22.55 2.01687
22.6 2.01686
22.65 2.01686
22.7 2.01685
22.75 2.01685
22.8 2.01685
22.85 2.01684
22.9 2.01684
22.95 2.01683
23 2.01683
23.05 2.01683
23.1 2.01682
23.15 2.01682
23.2 2.01681
23.25 2.01681
23.3 2.01681
23.35 2.0168
23.4 2.0168
23.45 2.01679
23.5 2.01679
23.55 2.01679
23.6 2.01678
23.65 2.01678
23.7 2.01677
23.75 2.01677
23.8 2.01677
23.85 2.01676
23.9 2.01676
23.95 2.01675
24 2.01675
24.05 2.01675
24.1 2.01674
24.15 2.01674
24.2 2.01673
24.25 2.01673
24.3 2.01673
24.35 2.01672
24.4 2.01672
24.45 2.01671
24.5 2.01671
24.55 2.01671
24.6 2.0167
24.65 2.0167
24.7 2.01669
24.75 2.01669
24.8 2.01669
24.85 2.01668
24.9 2.01668
24.95 2.01668
25 2.01667
25.05 2.01667
25.1 2.01666
25.15 2.01666
25.2 2.01666
25.25 2.01665
25.3 2.01665
25.35 2.01664
25.4 2.01664
25.45 2.01664
25.5 2.01663
25.55 2.01663
25.6 2.01662
25.65 2.01662
25.7 2.01662
25.75 2.01661
25.8 2.01661
25.85 2.01661
25.9 2.0166
25.95 2.0166
26 2.01659
26.05 2.01659
26.1 2.01659
26.15 2.01658
26.2 2.01658
26.25 2.01657
26.3 2.01657
26.35 2.01657
26.4 2.01656
26.45 2.01656
26.5 2.01656
26.55 2.01655
26.6 2.01655
26.65 2.01654
26.7 2.01654
26.75 2.01654
26.8 2.01653
26.85 2.01653
26.9 2.01653
26.95 2.01652
27 2.01652
27.05 2.01651
27.1 2.01651
27.15 2.01651
27.2 2.0165
27.25 2.0165
27.3 2.0165
27.35 2.01649
27.4 2.01649
27.45 2.01648
27.5 2.01648
27.55 2.01648
27.6 2.01647
27.65 2.01647
27.7 2.01647
27.75 2.01646
27.8 2.01646
27.85 2.01645
27.9 2.01645
27.95 2.01645
28 2.01644
28.05 2.01644
28.1 2.01644
28.15 2.01643
28.2 2.01643
28.25 2.01642
28.3 2.01642
28.35 2.01642
28.4 2.01641
28.45 2.01641
28.5 2.01641
28.55 2.0164
28.6 2.0164
28.65 2.0164
28.7 2.01639
28.75 2.01639
28.8 2.01638
28.85 2.01638
28.9 2.01638
28.95 2.01637
29 2.01637
29.05 2.01637
29.1 2.01636
29.15 2.01636
29.2 2.01636
29.25 2.01635
29.3 2.01635
29.35 2.01634
29.4 2.01634
29.45 2.01634
29.5 2.01633
29.55 2.01633
29.6 2.01633
29.65 2.01632
29.7 2.01632
29.75 2.01632
29.8 2.01631
29.85 2.01631
29.9 2.01631
29.95 2.0163
30 2.0163
30.05 2.01629
30.1 2.01629
30.15 2.01629
30.2 2.01628
30.25 2.01628
30.3 2.01628
30.35 2.01627
30.4 2.01627
30.45 2.01627
30.5 2.01626
30.55 2.01626
30.6 2.01626
30.65 2.01625
30.7 2.01625
30.75 2.01625
30.8 2.01624
30.85 2.01624
30.9 2.01624
30.95 2.01623
31 2.01623
31.05 2.01622
31.1 2.01622
31.15 2.01622
31.2 2.01621
31.25 2.01621
31.3 2.01621
31.35 2.0162
31.4 2.0162
31.45 2.0162
31.5 2.01619
31.55 2.01619
31.6 2.01619
31.65 2.01618
31.7 2.01618
31.75 2.01618
31.8 2.01617
31.85 2.01617
31.9 2.01617
31.95 2.01616
32 2.01616
32.05 2.01616
32.1 2.01615
32.15 2.01615
32.2 2.01615
32.25 2.01614
32.3 2.01614
32.35 2.01614
32.4 2.01613
32.45 2.01613
32.5 2.01613
32.55 2.01612
32.6 2.01612
32.65 2.01612
32.7 2.01611
32.75 2.01611
32.8 2.01611
32.85 2.0161
32.9 2.0161
32.95 2.0161
33 2.01609
33.05 2.01609
33.1 2.01609
33.15 2.01608
33.2 2.01608
33.25 2.01608
33.3 2.01607
33.35 2.01607
33.4 2.01607
33.45 2.01606
33.5 2.01606
33.55 2.01606
33.6 2.01605
33.65 2.01605
33.7 2.01605
33.75 2.01604
33.8 2.01604
33.85 2.01604
33.9 2.01603
33.95 2.01603
34 2.01603
34.05 2.01602
34.1 2.01602
34.15 2.01602
34.2 2.01601
34.25 2.01601
34.3 2.01601
34.35 2.016
34.4 2.016
34.45 2.016
34.5 2.01599
34.55 2.01599
34.6 2.01599
34.65 2.01598
34.7 2.01598
34.75 2.01598
34.8 2.01597
34.85 2.01597
34.9 2.01597
34.95 2.01596
35 2.01596
35.05 2.01596
35.1 2.01595
35.15 2.01595
35.2 2.01595
35.25 2.01595
35.3 2.01594
35.35 2.01594
35.4 2.01594
35.45 2.01593
35.5 2.01593
35.55 2.01593
35.6 2.01592
35.65 2.01592
35.7 2.01592
35.75 2.01591
35.8 2.01591
35.85 2.01591
35.9 2.0159
35.95 2.0159
36 2.0159
36.05 2.01589
36.1 2.01589
36.15 2.01589
36.2 2.01589
36.25 2.01588
36.3 2.01588
36.35 2.01588
36.4 2.01587
36.45 2.01587
36.5 2.01587
36.55 2.01586
36.6 2.01586
36.65 2.01586
36.7 2.01585
36.75 2.01585
36.8 2.01585
36.85 2.01585
36.9 2.01584
36.95 2.01584
37 2.01584
37.05 2.01583
37.1 2.01583
37.15 2.01583
37.2 2.01582
37.25 2.01582
37.3 2.01582
37.35 2.01582
37.4 2.01581
37.45 2.01581
37.5 2.01581
37.55 2.0158
37.6 2.0158
37.65 2.0158
37.7 2.01579
37.75 2.01579
37.8 2.01579
37.85 2.01579
37.9 2.01578
37.95 2.01578
38 2.01578
38.05 2.01577
38.1 2.01577
38.15 2.01577
38.2 2.01576
38.25 2.01576
38.3 2.01576
38.35 2.01576
38.4 2.01575
38.45 2.01575
38.5 2.01575
38.55 2.01574
38.6 2.01574
38.65 2.01574
38.7 2.01573
38.75 2.01573
38.8 2.01573
38.85 2.01573
38.9 2.01572
38.95 2.01572
39 2.01572
39.05 2.01571
39.1 2.01571
39.15 2.01571
39.2 2.01571
39.25 2.0157
39.3 2.0157
39.35 2.0157
39.4 2.01569
39.45 2.01569
39.5 2.01569
39.55 2.01569
39.6 2.01568
39.65 2.01568
39.7 2.01568
39.75 2.01567
39.8 2.01567
39.85 2.01567
39.9 2.01567
39.95 2.01566
40 2.01566
40.05 2.01566
40.1 2.01565
40.15 2.01565
40.2 2.01565
40.25 2.01565
40.3 2.01564
40.35 2.01564
40.4 2.01564
40.45 2.01563
40.5 2.01563
40.55 2.01563
40.6 2.01563
40.65 2.01562
40.7 2.01562
40.75 2.01562
40.8 2.01562
40.85 2.01561
40.9 2.01561
40.95 2.01561
41 2.0156
41.05 2.0156
41.1 2.0156
41.15 2.0156
41.2 2.01559
41.25 2.01559
41.3 2.01559
41.35 2.01559
41.4 2.01558
41.45 2.01558
41.5 2.01558
41.55 2.01557
41.6 2.01557
41.65 2.01557
41.7 2.01557
41.75 2.01556
41.8 2.01556
41.85 2.01556
41.9 2.01556
41.95 2.01555
42 2.01555
42.05 2.01555
42.1 2.01554
42.15 2.01554
42.2 2.01554
42.25 2.01554
42.3 2.01553
42.35 2.01553
42.4 2.01553
42.45 2.01553
42.5 2.01552
42.55 2.01552
42.6 2.01552
42.65 2.01552
42.7 2.01551
42.75 2.01551
42.8 2.01551
42.85 2.0155
42.9 2.0155
42.95 2.0155
43 2.0155
43.05 2.01549
43.1 2.01549
43.15 2.01549
43.2 2.01549
43.25 2.01548
43.3 2.01548
43.35 2.01548
43.4 2.01548
43.45 2.01547
43.5 2.01547
43.55 2.01547
43.6 2.01547
43.65 2.01546
43.7 2.01546
43.75 2.01546
43.8 2.01546
43.85 2.01545
43.9 2.01545
43.95 2.01545
44 2.01545
44.05 2.01544
44.1 2.01544
44.15 2.01544
44.2 2.01544
44.25 2.01543
44.3 2.01543
44.35 2.01543
44.4 2.01543
44.45 2.01542
44.5 2.01542
44.55 2.01542
44.6 2.01542
44.65 2.01541
44.7 2.01541
44.75 2.01541
44.8 2.01541
44.85 2.0154
44.9 2.0154
44.95 2.0154
45 2.0154
45.05 2.01539
45.1 2.01539
45.15 2.01539
45.2 2.01539
45.25 2.01538
45.3 2.01538
45.35 2.01538
45.4 2.01538
45.45 2.01537
45.5 2.01537
45.55 2.01537
45.6 2.01537
45.65 2.01536
45.7 2.01536
45.75 2.01536
45.8 2.01536
45.85 2.01535
45.9 2.01535
45.95 2.01535
46 2.01535
46.05 2.01534
46.1 2.01534
46.15 2.01534
46.2 2.01534
46.25 2.01534
46.3 2.01533
46.35 2.01533
46.4 2.01533
46.45 2.01533
46.5 2.01532
46.55 2.01532
46.6 2.01532
46.65 2.01532
46.7 2.01531
46.75 2.01531
46.8 2.01531
46.85 2.01531
46.9 2.0153
46.95 2.0153
47 2.0153
47.05 2.0153
47.1 2.0153
47.15 2.01529
47.2 2.01529
47.25 2.01529
47.3 2.01529
47.35 2.01528
47.4 2.01528
47.45 2.01528
47.5 2.01528
47.55 2.01528
47.6 2.01527
47.65 2.01527
47.7 2.01527
47.75 2.01527
47.8 2.01526
47.85 2.01526
47.9 2.01526
47.95 2.01526
48 2.01525
48.05 2.01525
48.1 2.01525
48.15 2.01525
48.2 2.01525
48.25 2.01524
48.3 2.01524
48.35 2.01524
48.4 2.01524
48.45 2.01523
48.5 2.01523
48.55 2.01523
48.6 2.01523
48.65 2.01523
48.7 2.01522
48.75 2.01522
48.8 2.01522
48.85 2.01522
48.9 2.01522
48.95 2.01521
49 2.01521
49.05 2.01521
49.1 2.01521
49.15 2.0152
49.2 2.0152
49.25 2.0152
49.3 2.0152
49.35 2.0152
49.4 2.01519
49.45 2.01519
49.5 2.01519
49.55 2.01519
49.6 2.01519
49.65 2.01518
49.7 2.01518
49.75 2.01518
49.8 2.01518
49.85 2.01517
49.9 2.01517
49.95 2.01517
50 2.01517
50.05 2.01517
50.1 2.01516
50.15 2.01516
50.2 2.01516
50.25 2.01516
50.3 2.01516
50.35 2.01515
50.4 2.01515
50.45 2.01515
50.5 2.01515
50.55 2.01515
50.6 2.01514
50.65 2.01514
50.7 2.01514
50.75 2.01514
50.8 2.01514
50.85 2.01513
50.9 2.01513
50.95 2.01513
51 2.01513
51.05 2.01513
51.1 2.01512
51.15 2.01512
51.2 2.01512
51.25 2.01512
51.3 2.01512
51.35 2.01511
51.4 2.01511
51.45 2.01511
51.5 2.01511
51.55 2.01511
51.6 2.0151
51.65 2.0151
51.7 2.0151
51.75 2.0151
51.8 2.0151
51.85 2.01509
51.9 2.01509
51.95 2.01509
52 2.01509
52.05 2.01509
52.1 2.01508
52.15 2.01508
52.2 2.01508
52.25 2.01508
52.3 2.01508
52.35 2.01507
52.4 2.01507
52.45 2.01507
52.5 2.01507
52.55 2.01507
52.6 2.01506
52.65 2.01506
52.7 2.01506
52.75 2.01506
52.8 2.01506
52.85 2.01506
52.9 2.01505
52.95 2.01505
53 2.01505
53.05 2.01505
53.1 2.01505
53.15 2.01504
53.2 2.01504
53.25 2.01504
53.3 2.01504
53.35 2.01504
53.4 2.01503
53.45 2.01503
53.5 2.01503
53.55 2.01503
53.6 2.01503
53.65 2.01503
53.7 2.01502
53.75 2.01502
53.8 2.01502
53.85 2.01502
53.9 2.01502
53.95 2.01501
54 2.01501
54.05 2.01501
54.1 2.01501
54.15 2.01501
54.2 2.01501
54.25 2.015
54.3 2.015
54.35 2.015
54.4 2.015
54.45 2.015
54.5 2.015
54.55 2.01499
54.6 2.01499
54.65 2.01499
54.7 2.01499
54.75 2.01499
54.8 2.01498
54.85 2.01498
54.9 2.01498
54.95 2.01498
55 2.01498
55.05 2.01498
55.1 2.01497
55.15 2.01497
55.2 2.01497
55.25 2.01497
55.3 2.01497
55.35 2.01497
55.4 2.01496
55.45 2.01496
55.5 2.01496
55.55 2.01496
55.6 2.01496
55.65 2.01496
55.7 2.01495
55.75 2.01495
55.8 2.01495
55.85 2.01495
55.9 2.01495
55.95 2.01495
56 2.01494
56.05 2.01494
56.1 2.01494
56.15 2.01494
56.2 2.01494
56.25 2.01494
56.3 2.01493
56.35 2.01493
56.4 2.01493
56.45 2.01493
56.5 2.01493
56.55 2.01493
56.6 2.01492
56.65 2.01492
56.7 2.01492
56.75 2.01492
56.8 2.01492
56.85 2.01492
56.9 2.01492
56.95 2.01491
57 2.01491
57.05 2.01491
57.1 2.01491
57.15 2.01491
57.2 2.01491
57.25 2.0149
57.3 2.0149
57.35 2.0149
57.4 2.0149
57.45 2.0149
57.5 2.0149
57.55 2.0149
57.6 2.01489
57.65 2.01489
57.7 2.01489
57.75 2.01489
57.8 2.01489
57.85 2.01489
57.9 2.01488
57.95 2.01488
58 2.01488
58.05 2.01488
58.1 2.01488
58.15 2.01488
58.2 2.01488
58.25 2.01487
58.3 2.01487
58.35 2.01487
58.4 2.01487
58.45 2.01487
58.5 2.01487
58.55 2.01487
58.6 2.01486
58.65 2.01486
58.7 2.01486
58.75 2.01486
58.8 2.01486
58.85 2.01486
58.9 2.01486
58.95 2.01485
59 2.01485
59.05 2.01485
59.1 2.01485
59.15 2.01485
59.2 2.01485
59.25 2.01485
59.3 2.01484
59.35 2.01484
59.4 2.01484
59.45 2.01484
59.5 2.01484
59.55 2.01484
59.6 2.01484
59.65 2.01483
59.7 2.01483
59.75 2.01483
59.8 2.01483
59.85 2.01483
59.9 2.01483
59.95 2.01483
60 2.01482
60.05 2.01482
60.1 2.01482
60.15 2.01482
60.2 2.01482
60.25 2.01482
60.3 2.01482
60.35 2.01482
60.4 2.01481
60.45 2.01481
60.5 2.01481
60.55 2.01481
60.6 2.01481
60.65 2.01481
60.7 2.01481
60.75 2.0148
60.8 2.0148
60.85 2.0148
60.9 2.0148
60.95 2.0148
61 2.0148
61.05 2.0148
61.1 2.0148
61.15 2.01479
61.2 2.01479
61.25 2.01479
61.3 2.01479
61.35 2.01479
61.4 2.01479
61.45 2.01479
61.5 2.01479
61.55 2.01478
61.6 2.01478
61.65 2.01478
61.7 2.01478
61.75 2.01478
61.8 2.01478
61.85 2.01478
61.9 2.01478
61.95 2.01477
62 2.01477
62.05 2.01477
62.1 2.01477
62.15 2.01477
62.2 2.01477
62.25 2.01477
62.3 2.01477
62.35 2.01477
62.4 2.01476
62.45 2.01476
62.5 2.01476
62.55 2.01476
62.6 2.01476
62.65 2.01476
62.7 2.01476
62.75 2.01476
62.8 2.01475
62.85 2.01475
62.9 2.01475
62.95 2.01475
63 2.01475
63.05 2.01475
63.1 2.01475
63.15 2.01475
63.2 2.01475
63.25 2.01474
63.3 2.01474
63.35 2.01474
63.4 2.01474
63.45 2.01474
63.5 2.01474
63.55 2.01474
63.6 2.01474
63.65 2.01474
63.7 2.01473
63.75 2.01473
63.8 2.01473
63.85 2.01473
63.9 2.01473
63.95 2.01473
64 2.01473
64.05 2.01473
64.1 2.01473
64.15 2.01473
64.2 2.01472
64.25 2.01472
64.3 2.01472
64.35 2.01472
64.4 2.01472
64.45 2.01472
64.5 2.01472
64.55 2.01472
64.6 2.01472
64.65 2.01471
64.7 2.01471
64.75 2.01471
64.8 2.01471
64.85 2.01471
64.9 2.01471
64.95 2.01471
65 2.01471
65.05 2.01471
65.1 2.01471
65.15 2.0147
65.2 2.0147
65.25 2.0147
65.3 2.0147
65.35 2.0147
65.4 2.0147
65.45 2.0147
65.5 2.0147
65.55 2.0147
65.6 2.0147
65.65 2.0147
65.7 2.01469
65.75 2.01469
65.8 2.01469
65.85 2.01469
65.9 2.01469
65.95 2.01469
66 2.01469
66.05 2.01469
66.1 2.01469
66.15 2.01469
66.2 2.01469
66.25 2.01468
66.3 2.01468
66.35 2.01468
66.4 2.01468
66.45 2.01468
66.5 2.01468
66.55 2.01468
66.6 2.01468
66.65 2.01468
66.7 2.01468
66.75 2.01468
66.8 2.01467
66.85 2.01467
66.9 2.01467
66.95 2.01467
67 2.01467
67.05 2.01467
67.1 2.01467
67.15 2.01467
67.2 2.01467
67.25 2.01467
67.3 2.01467
67.35 2.01467
67.4 2.01466
67.45 2.01466
67.5 2.01466
67.55 2.01466
67.6 2.01466
67.65 2.01466
67.7 2.01466
67.75 2.01466
67.8 2.01466
67.85 2.01466
67.9 2.01466
67.95 2.01466
68 2.01465
68.05 2.01465
68.1 2.01465
68.15 2.01465
68.2 2.01465
68.25 2.01465
68.3 2.01465
68.35 2.01465
68.4 2.01465
68.45 2.01465
68.5 2.01465
68.55 2.01465
68.6 2.01465
68.65 2.01465
68.7 2.01464
68.75 2.01464
68.8 2.01464
68.85 2.01464
68.9 2.01464
68.95 2.01464
69 2.01464
69.05 2.01464
69.1 2.01464
69.15 2.01464
69.2 2.01464
69.25 2.01464
69.3 2.01464
69.35 2.01464
69.4 2.01463
69.45 2.01463
69.5 2.01463
69.55 2.01463
69.6 2.01463
69.65 2.01463
69.7 2.01463
69.75 2.01463
69.8 2.01463
69.85 2.01463
69.9 2.01463
69.95 2.01463
70 2.01463
70.05 2.01463
70.1 2.01463
70.15 2.01463
70.2 2.01462
70.25 2.01462
70.3 2.01462
70.35 2.01462
70.4 2.01462
70.45 2.01462
70.5 2.01462
70.55 2.01462
70.6 2.01462
70.65 2.01462
70.7 2.01462
70.75 2.01462
70.8 2.01462
70.85 2.01462
70.9 2.01462
70.95 2.01462
71 2.01462
71.05 2.01461
71.1 2.01461
71.15 2.01461
71.2 2.01461
71.25 2.01461
71.3 2.01461
71.35 2.01461
71.4 2.01461
71.45 2.01461
71.5 2.01461
71.55 2.01461
71.6 2.01461
71.65 2.01461
71.7 2.01461
71.75 2.01461
71.8 2.01461
71.85 2.01461
71.9 2.01461
71.95 2.01461
72 2.0146
72.05 2.0146
72.1 2.0146
72.15 2.0146
72.2 2.0146
72.25 2.0146
72.3 2.0146
72.35 2.0146
72.4 2.0146
72.45 2.0146
72.5 2.0146
72.55 2.0146
72.6 2.0146
72.65 2.0146
72.7 2.0146
72.75 2.0146
72.8 2.0146
72.85 2.0146
72.9 2.0146
72.95 2.0146
73 2.0146
73.05 2.0146
73.1 2.01459
73.15 2.01459
73.2 2.01459
73.25 2.01459
73.3 2.01459
73.35 2.01459
73.4 2.01459
73.45 2.01459
73.5 2.01459
73.55 2.01459
73.6 2.01459
73.65 2.01459
73.7 2.01459
73.75 2.01459
73.8 2.01459
73.85 2.01459
73.9 2.01459
73.95 2.01459
74 2.01459
74.05 2.01459
74.1 2.01459
74.15 2.01459
74.2 2.01459
74.25 2.01459
74.3 2.01459
74.35 2.01459
74.4 2.01459
74.45 2.01458
74.5 2.01458
74.55 2.01458
74.6 2.01458
74.65 2.01458
74.7 2.01458
74.75 2.01458
74.8 2.01458
74.85 2.01458
74.9 2.01458
74.95 2.01458
75 2.01458
75.05 2.01458
75.1 2.01458
75.15 2.01458
75.2 2.01458
75.25 2.01458
75.3 2.01458
75.35 2.01458
75.4 2.01458
75.45 2.01458
75.5 2.01458
75.55 2.01458
75.6 2.01458
75.65 2.01458
75.7 2.01458
75.75 2.01458
75.8 2.01458
75.85 2.01458
75.9 2.01458
75.95 2.01458
76 2.01458
76.05 2.01458
76.1 2.01458
76.15 2.01458
76.2 2.01458
76.25 2.01458
76.3 2.01458
76.35 2.01458
76.4 2.01458
76.45 2.01458
76.5 2.01457
76.55 2.01457
76.6 2.01457
76.65 2.01457
76.7 2.01457
76.75 2.01457
76.8 2.01457
76.85 2.01457
76.9 2.01457
76.95 2.01457
77 2.01457
77.05 2.01457
77.1 2.01457
77.15 2.01457
77.2 2.01457
77.25 2.01457
77.3 2.01457
77.35 2.01457
77.4 2.01457
77.45 2.01457
77.5 2.01457
77.55 2.01457
77.6 2.01457
77.65 2.01457
77.7 2.01457
77.75 2.01457
77.8 2.01457
77.85 2.01457
77.9 2.01457
77.95 2.01457
78 2.01457
78.05 2.01457
78.1 2.01457
78.15 2.01457
78.2 2.01457
78.25 2.01457
78.3 2.01457
78.35 2.01457
78.4 2.01457
78.45 2.01457
78.5 2.01457
78.55 2.01457
78.6 2.01457
78.65 2.01457
78.7 2.01457
78.75 2.01457
78.8 2.01457
78.85 2.01457
78.9 2.01457
78.95 2.01457
79 2.01457
79.05 2.01457
79.1 2.01457
79.15 2.01457
79.2 2.01457
79.25 2.01457
79.3 2.01457
79.35 2.01457
79.4 2.01457
79.45 2.01457
79.5 2.01457
79.55 2.01457
79.6 2.01457
79.65 2.01457
79.7 2.01457
79.75 2.01457
79.8 2.01457
79.85 2.01458
79.9 2.01458
79.95 2.01458
80 2.01458
80.05 2.01458
80.1 2.01458
80.15 2.01458
80.2 2.01458
80.25 2.01459
80.3 2.01459
80.35 2.01459
80.4 2.01459
80.45 2.0146
80.5 2.0146
80.55 2.0146
80.6 2.0146
80.65 2.01461
80.7 2.01461
80.75 2.01462
80.8 2.01462
80.85 2.01462
80.9 2.01463
80.95 2.01463
81 2.01464
81.05 2.01464
81.1 2.01465
81.15 2.01466
81.2 2.01466
81.25 2.01467
81.3 2.01467
81.35 2.01468
81.4 2.01469
81.45 2.0147
81.5 2.0147
81.55 2.01471
81.6 2.01472
81.65 2.01473
81.7 2.01474
81.75 2.01475
81.8 2.01476
81.85 2.01477
81.9 2.01478
81.95 2.01479
82 2.0148
82.05 2.01482
82.1 2.01483
82.15 2.01484
82.2 2.01486
82.25 2.01487
82.3 2.01488
82.35 2.0149
82.4 2.01491
82.45 2.01493
82.5 2.01494
82.55 2.01496
82.6 2.01498
82.65 2.015
82.7 2.01501
82.75 2.01503
82.8 2.01505
82.85 2.01507
82.9 2.01509
82.95 2.01511
83 2.01513
83.05 2.01515
83.1 2.01517
83.15 2.0152
83.2 2.01522
83.25 2.01524
83.3 2.01527
83.35 2.01529
83.4 2.01532
83.45 2.01534
83.5 2.01537
83.55 2.0154
83.6 2.01543
83.65 2.01545
83.7 2.01548
83.75 2.01551
83.8 2.01554
83.85 2.01557
83.9 2.01561
83.95 2.01564
84 2.01567
84.05 2.0157
84.1 2.01574
84.15 2.01577
84.2 2.01581
84.25 2.01585
84.3 2.01588
84.35 2.01592
84.4 2.01596
84.45 2.016
84.5 2.01604
84.55 2.01608
84.6 2.01612
84.65 2.01616
84.7 2.0162
84.75 2.01625
84.8 2.01629
84.85 2.01634
84.9 2.01638
84.95 2.01643
85 2.01648
85.05 2.01653
85.1 2.01657
85.15 2.01662
85.2 2.01667
85.25 2.01673
85.3 2.01678
85.35 2.01683
85.4 2.01689
85.45 2.01694
85.5 2.017
85.55 2.01705
85.6 2.01711
85.65 2.01717
85.7 2.01723
85.75 2.01729
85.8 2.01735
85.85 2.01741
85.9 2.01747
85.95 2.01754
86 2.0176
86.05 2.01767
86.1 2.01773
86.15 2.0178
86.2 2.01787
86.25 2.01794
86.3 2.01801
86.35 2.01808
86.4 2.01815
86.45 2.01822
86.5 2.0183
86.55 2.01837
86.6 2.01845
86.65 2.01853
86.7 2.0186
86.75 2.01868
86.8 2.01876
86.85 2.01884
86.9 2.01893
86.95 2.01901
87 2.01909
87.05 2.01918
87.1 2.01927
87.15 2.01935
87.2 2.01944
87.25 2.01953
87.3 2.01962
87.35 2.01971
87.4 2.01981
87.45 2.0199
87.5 2.01999
87.55 2.02009
87.6 2.02019
87.65 2.02029
87.7 2.02038
87.75 2.02049
87.8 2.02059
87.85 2.02069
87.9 2.02079
87.95 2.0209
88 2.021
88.05 2.02111
88.1 2.02122
88.15 2.02133
88.2 2.02144
88.25 2.02155
88.3 2.02167
88.35 2.02178
88.4 2.0219
88.45 2.02201
88.5 2.02213
88.55 2.02225
88.6 2.02237
88.65 2.02249
88.7 2.02262
88.75 2.02274
88.8 2.02287
88.85 2.02299
88.9 2.02312
88.95 2.02325
89 2.02338
89.05 2.02352
89.1 2.02365
89.15 2.02378
89.2 2.02392
89.25 2.02406
89.3 2.02419
89.35 2.02433
89.4 2.02448
89.45 2.02462
89.5 2.02476
89.55 2.02491
89.6 2.02505
89.65 2.0252
89.7 2.02535
89.75 2.0255
89.8 2.02565
89.85 2.02581
89.9 2.02596
89.95 2.02612
90 2.02628
90.05 2.02643
90.1 2.02659
90.15 2.02676
90.2 2.02692
90.25 2.02708
90.3 2.02725
90.35 2.02742
90.4 2.02759
90.45 2.02776
90.5 2.02793
90.55 2.0281
90.6 2.02828
90.65 2.02845
90.7 2.02863
90.75 2.02881
90.8 2.02899
90.85 2.02917
90.9 2.02936
90.95 2.02954
91 2.02973
91.05 2.02992
91.1 2.03011
91.15 2.0303
91.2 2.03049
91.25 2.03068
91.3 2.03088
91.35 2.03108
91.4 2.03128
91.45 2.03148
91.5 2.03168
91.55 2.03188
91.6 2.03209
91.65 2.03229
91.7 2.0325
91.75 2.03271
91.8 2.03292
91.85 2.03314
91.9 2.03335
91.95 2.03357
92 2.03378
92.05 2.034
92.1 2.03422
92.15 2.03445
92.2 2.03467
92.25 2.0349
92.3 2.03512
92.35 2.03535
92.4 2.03558
92.45 2.03582
92.5 2.03605
92.55 2.03629
92.6 2.03652
92.65 2.03676
92.7 2.03701
92.75 2.03725
92.8 2.03749
92.85 2.03774
92.9 2.03799
92.95 2.03823
93 2.03849
93.05 2.03874
93.1 2.03899
93.15 2.03925
93.2 2.03951
93.25 2.03977
93.3 2.04003
93.35 2.04029
93.4 2.04056
93.45 2.04082
93.5 2.04109
93.55 2.04136
93.6 2.04163
93.65 2.04191
93.7 2.04218
93.75 2.04246
93.8 2.04274
93.85 2.04302
93.9 2.0433
93.95 2.04359
94 2.04387
94.05 2.04416
94.1 2.04445
94.15 2.04474
94.2 2.04504
94.25 2.04533
94.3 2.04563
94.35 2.04593
94.4 2.04623
94.45 2.04653
94.5 2.04684
94.55 2.04714
94.6 2.04745
94.65 2.04776
94.7 2.04807
94.75 2.04839
94.8 2.0487
94.85 2.04902
94.9 2.04934
94.95 2.04966
95 2.04999
95.05 2.05031
95.1 2.05064
95.15 2.05097
95.2 2.0513
95.25 2.05163
95.3 2.05197
95.35 2.0523
95.4 2.05264
95.45 2.05298
95.5 2.05333
95.55 2.05367
95.6 2.05402
95.65 2.05437
95.7 2.05472
95.75 2.05507
95.8 2.05542
95.85 2.05578
95.9 2.05614
95.95 2.0565
96 2.05686
96.05 2.05722
96.1 2.05759
96.15 2.05796
96.2 2.05833
96.25 2.0587
96.3 2.05908
96.35 2.05945
96.4 2.05983
96.45 2.06021
96.5 2.06059
96.55 2.06098
96.6 2.06136
96.65 2.06175
96.7 2.06214
96.75 2.06254
96.8 2.06293
96.85 2.06333
96.9 2.06373
96.95 2.06413
97 2.06453
97.05 2.06493
97.1 2.06534
97.15 2.06575
97.2 2.06616
97.25 2.06657
97.3 2.06699
97.35 2.06741
97.4 2.06783
97.45 2.06825
97.5 2.06867
97.55 2.0691
97.6 2.06952
97.65 2.06995
97.7 2.07039
97.75 2.07082
97.8 2.07126
97.85 2.0717
97.9 2.07214
97.95 2.07258
98 2.07302
98.05 2.07347
98.1 2.07392
98.15 2.07437
98.2 2.07482
98.25 2.07528
98.3 2.07574
98.35 2.0762
98.4 2.07666
98.45 2.07712
98.5 2.07759
98.55 2.07806
98.6 2.07853
98.65 2.079
98.7 2.07948
98.75 2.07996
98.8 2.08044
98.85 2.08092
98.9 2.0814
98.95 2.08189
99 2.08238
99.05 2.08287
99.1 2.08336
99.15 2.08385
99.2 2.08435
99.25 2.08485
99.3 2.08535
99.35 2.08586
99.4 2.08636
99.45 2.08687
99.5 2.08738
99.55 2.08789
99.6 2.08841
99.65 2.08893
99.7 2.08944
99.75 2.08997
99.8 2.09049
99.85 2.09102
99.9 2.09155
99.95 2.09208
100 2.09261
100.05 2.09314
100.1 2.09368
100.15 2.09422
100.2 2.09476
100.25 2.09531
100.3 2.09586
100.35 2.0964
100.4 2.09696
100.45 2.09751
100.5 2.09807
100.55 2.09862
100.6 2.09918
100.65 2.09975
100.7 2.10031
100.75 2.10088
100.8 2.10145
100.85 2.10202
100.9 2.1026
100.95 2.10317
101 2.10375
101.05 2.10433
101.1 2.10492
101.15 2.1055
101.2 2.10609
101.25 2.10668
101.3 2.10727
101.35 2.10787
101.4 2.10847
101.45 2.10907
101.5 2.10967
101.55 2.11027
101.6 2.11088
101.65 2.11149
101.7 2.1121
101.75 2.11272
101.8 2.11333
101.85 2.11395
101.9 2.11457
101.95 2.1152
102 2.11582
102.05 2.11645
102.1 2.11708
102.15 2.11771
102.2 2.11835
102.25 2.11899
102.3 2.11963
102.35 2.12027
102.4 2.12091
102.45 2.12156
102.5 2.12221
102.55 2.12286
102.6 2.12352
102.65 2.12417
102.7 2.12483
102.75 2.12549
102.8 2.12616
102.85 2.12683
102.9 2.12749
102.95 2.12817
103 2.12884
103.05 2.12952
103.1 2.13019
103.15 2.13087
103.2 2.13156
103.25 2.13224
103.3 2.13293
103.35 2.13362
103.4 2.13432
103.45 2.13501
103.5 2.13571
103.55 2.13641
103.6 2.13711
103.65 2.13782
103.7 2.13852
103.75 2.13923
103.8 2.13995
103.85 2.14066
103.9 2.14138
103.95 2.1421
104 2.14282
104.05 2.14355
104.1 2.14427
104.15 2.145
104.2 2.14573
104.25 2.14647
104.3 2.14721
104.35 2.14795
104.4 2.14869
104.45 2.14943
104.5 2.15018
104.55 2.15093
104.6 2.15168
104.65 2.15243
104.7 2.15319
104.75 2.15395
104.8 2.15471
104.85 2.15547
104.9 2.15624
104.95 2.15701
105 2.15778
105.05 2.15856
105.1 2.15933
105.15 2.16011
105.2 2.16089
105.25 2.16168
105.3 2.16246
105.35 2.16325
105.4 2.16404
105.45 2.16483
105.5 2.16563
105.55 2.16643
105.6 2.16723
105.65 2.16803
105.7 2.16884
105.75 2.16965
105.8 2.17046
105.85 2.17127
105.9 2.17209
105.95 2.17291
106 2.17373
106.05 2.17455
106.1 2.17538
106.15 2.17621
106.2 2.17704
106.25 2.17787
106.3 2.17871
106.35 2.17955
106.4 2.18039
106.45 2.18123
106.5 2.18208
106.55 2.18292
106.6 2.18377
106.65 2.18463
106.7 2.18548
106.75 2.18634
106.8 2.1872
106.85 2.18807
106.9 2.18893
106.95 2.1898
107 2.19067
107.05 2.19154
107.1 2.19242
107.15 2.1933
107.2 2.19418
107.25 2.19506
107.3 2.19595
107.35 2.19684
107.4 2.19773
107.45 2.19862
107.5 2.19952
107.55 2.20042
107.6 2.20132
107.65 2.20222
107.7 2.20313
107.75 2.20403
107.8 2.20494
107.85 2.20586
107.9 2.20677
107.95 2.20769
108 2.20861
108.05 2.20954
108.1 2.21046
108.15 2.21139
108.2 2.21232
108.25 2.21325
108.3 2.21419
108.35 2.21513
108.4 2.21607
108.45 2.21701
108.5 2.21796
108.55 2.21891
108.6 2.21986
108.65 2.22081
108.7 2.22177
108.75 2.22273
108.8 2.22369
108.85 2.22465
108.9 2.22562
108.95 2.22658
109 2.22755
109.05 2.22853
109.1 2.2295
109.15 2.23048
109.2 2.23146
109.25 2.23245
109.3 2.23343
109.35 2.23442
109.4 2.23541
109.45 2.2364
109.5 2.2374
109.55 2.2384
109.6 2.2394
109.65 2.2404
109.7 2.24141
109.75 2.24242
109.8 2.24343
109.85 2.24444
109.9 2.24546
109.95 2.24647
110 2.24749
110.05 2.24852
110.1 2.24954
110.15 2.25057
110.2 2.2516
110.25 2.25264
110.3 2.25367
110.35 2.25471
110.4 2.25575
110.45 2.25679
110.5 2.25784
110.55 2.25889
110.6 2.25994
110.65 2.26099
110.7 2.26204
110.75 2.2631
110.8 2.26416
110.85 2.26522
110.9 2.26629
110.95 2.26736
111 2.26843
111.05 2.2695
111.1 2.27058
111.15 2.27165
111.2 2.27273
111.25 2.27382
111.3 2.2749
111.35 2.27599
111.4 2.27708
111.45 2.27817
111.5 2.27926
111.55 2.28036
111.6 2.28146
111.65 2.28256
111.7 2.28367
111.75 2.28477
111.8 2.28588
111.85 2.28699
111.9 2.28811
111.95 2.28923
112 2.29034
112.05 2.29147
112.1 2.29259
112.15 2.29372
112.2 2.29485
112.25 2.29598
112.3 2.29711
112.35 2.29825
112.4 2.29938
112.45 2.30053
112.5 2.30167
112.55 2.30281
112.6 2.30396
112.65 2.30511
112.7 2.30627
112.75 2.30742
112.8 2.30858
112.85 2.30974
112.9 2.3109
112.95 2.31207
113 2.31323
113.05 2.3144
113.1 2.31558
113.15 2.31675
113.2 2.31793
113.25 2.31911
113.3 2.32029
113.35 2.32147
113.4 2.32266
113.45 2.32385
113.5 2.32504
113.55 2.32623
113.6 2.32743
113.65 2.32863
113.7 2.32983
113.75 2.33103
113.8 2.33224
113.85 2.33344
113.9 2.33465
113.95 2.33587
114 2.33708
114.05 2.3383
114.1 2.33952
114.15 2.34074
114.2 2.34196
114.25 2.34319
114.3 2.34442
114.35 2.34565
114.4 2.34688
114.45 2.34812
114.5 2.34936
114.55 2.3506
114.6 2.35184
114.65 2.35309
114.7 2.35433
114.75 2.35558
114.8 2.35683
114.85 2.35809
114.9 2.35935
114.95 2.3606
115 2.36187
115.05 2.36313
115.1 2.36439
115.15 2.36566
115.2 2.36693
115.25 2.36821
115.3 2.36948
115.35 2.37076
115.4 2.37204
115.45 2.37332
115.5 2.3746
115.55 2.37589
115.6 2.37718
115.65 2.37847
115.7 2.37976
115.75 2.38106
115.8 2.38235
115.85 2.38365
115.9 2.38496
115.95 2.38626
116 2.38757
116.05 2.38888
116.1 2.39019
116.15 2.3915
116.2 2.39282
116.25 2.39413
116.3 2.39545
116.35 2.39678
116.4 2.3981
116.45 2.39943
116.5 2.40075
116.55 2.40209
116.6 2.40342
116.65 2.40475
116.7 2.40609
116.75 2.40743
116.8 2.40877
116.85 2.41012
116.9 2.41146
116.95 2.41281
117 2.41416
117.05 2.41551
117.1 2.41687
117.15 2.41823
117.2 2.41958
117.25 2.42095
117.3 2.42231
117.35 2.42367
117.4 2.42504
117.45 2.42641
117.5 2.42778
117.55 2.42916
117.6 2.43053
117.65 2.43191
117.7 2.43329
117.75 2.43467
117.8 2.43606
117.85 2.43745
117.9 2.43883
117.95 2.44023
118 2.44162
118.05 2.44301
118.1 2.44441
118.15 2.44581
118.2 2.44721
118.25 2.44861
118.3 2.45002
118.35 2.45143
118.4 2.45284
118.45 2.45425
118.5 2.45566
118.55 2.45708
118.6 2.45849
118.65 2.45991
118.7 2.46134
118.75 2.46276
118.8 2.46419
118.85 2.46561
118.9 2.46704
118.95 2.46847
119 2.46991
119.05 2.47134
119.1 2.47278
119.15 2.47422
119.2 2.47566
119.25 2.47711
119.3 2.47855
119.35 2.48
119.4 2.48145
119.45 2.4829
119.5 2.48435
119.55 2.48581
119.6 2.48727
119.65 2.48873
119.7 2.49019
119.75 2.49165
119.8 2.49312
119.85 2.49458
119.9 2.49605
119.95 2.49752
120 2.499
120.05 2.50047
120.1 2.50195
120.15 2.50343
120.2 2.50491
120.25 2.50639
120.3 2.50787
120.35 2.50936
120.4 2.51084
120.45 2.51233
120.5 2.51381
120.55 2.5153
120.6 2.51678
120.65 2.51826
120.7 2.51974
120.75 2.52123
120.8 2.52271
120.85 2.52419
120.9 2.52567
120.95 2.52715
121 2.52863
121.05 2.53011
121.1 2.53159
121.15 2.53307
121.2 2.53455
121.25 2.53602
121.3 2.5375
121.35 2.53898
121.4 2.54046
121.45 2.54193
121.5 2.54341
121.55 2.54488
121.6 2.54636
121.65 2.54783
121.7 2.5493
121.75 2.55078
121.8 2.55225
121.85 2.55372
121.9 2.5552
121.95 2.55667
122 2.55814
122.05 2.55961
122.1 2.56108
122.15 2.56255
122.2 2.56402
122.25 2.56549
122.3 2.56696
122.35 2.56843
122.4 2.56989
122.45 2.57136
122.5 2.57283
122.55 2.5743
122.6 2.57576
122.65 2.57723
122.7 2.57869
122.75 2.58016
122.8 2.58162
122.85 2.58309
122.9 2.58455
122.95 2.58601
123 2.58748
123.05 2.58894
123.1 2.5904
123.15 2.59186
123.2 2.59332
123.25 2.59479
123.3 2.59625
123.35 2.59771
123.4 2.59917
123.45 2.60062
123.5 2.60208
123.55 2.60354
123.6 2.605
123.65 2.60646
123.7 2.60791
123.75 2.60937
123.8 2.61083
123.85 2.61228
123.9 2.61374
123.95 2.61519
124 2.61665
124.05 2.6181
124.1 2.61956
124.15 2.62101
124.2 2.62246
124.25 2.62391
124.3 2.62537
124.35 2.62682
124.4 2.62827
124.45 2.62972
124.5 2.63117
124.55 2.63262
124.6 2.63407
124.65 2.63552
124.7 2.63697
124.75 2.63842
124.8 2.63987
124.85 2.64131
124.9 2.64276
124.95 2.64421
125 2.64565
125.05 2.6471
125.1 2.64855
125.15 2.64999
125.2 2.65144
125.25 2.65288
125.3 2.65432
125.35 2.65577
125.4 2.65721
125.45 2.65865
125.5 2.6601
125.55 2.66154
125.6 2.66298
125.65 2.66442
125.7 2.66586
125.75 2.6673
125.8 2.66874
125.85 2.67018
125.9 2.67162
125.95 2.67306
126 2.6745
126.05 2.67594
126.1 2.67738
126.15 2.67881
126.2 2.68025
126.25 2.68169
126.3 2.68312
126.35 2.68456
126.4 2.68599
126.45 2.68743
126.5 2.68886
126.55 2.6903
126.6 2.69173
126.65 2.69316
126.7 2.6946
126.75 2.69603
126.8 2.69746
126.85 2.69889
126.9 2.70033
126.95 2.70176
127 2.70319
127.05 2.70462
127.1 2.70605
127.15 2.70748
127.2 2.70891
127.25 2.71034
127.3 2.71176
127.35 2.71319
127.4 2.71462
127.45 2.71605
127.5 2.71747
127.55 2.7189
127.6 2.72033
127.65 2.72175
127.7 2.72318
127.75 2.7246
127.8 2.72603
127.85 2.72745
127.9 2.72888
127.95 2.7303
128 2.73172
128.05 2.73314
128.1 2.73457
128.15 2.73599
128.2 2.73741
128.25 2.73883
128.3 2.74025
128.35 2.74167
128.4 2.74309
128.45 2.74451
128.5 2.74593
128.55 2.74735
128.6 2.74877
128.65 2.75019
128.7 2.75161
128.75 2.75302
128.8 2.75444
128.85 2.75586
128.9 2.75727
128.95 2.75869
129 2.76011
129.05 2.76152
129.1 2.76294
129.15 2.76435
129.2 2.76576
129.25 2.76718
129.3 2.76859
129.35 2.77
129.4 2.77142
129.45 2.77283
129.5 2.77424
129.55 2.77565
129.6 2.77706
129.65 2.77847
129.7 2.77989
129.75 2.7813
129.8 2.78271
129.85 2.78411
129.9 2.78552
129.95 2.78693
130 2.78834
130.05 2.78975
130.1 2.79116
130.15 2.79256
130.2 2.79397
130.25 2.79538
130.3 2.79678
130.35 2.79819
130.4 2.79959
130.45 2.801
130.5 2.8024
130.55 2.80381
130.6 2.80521
130.65 2.80662
130.7 2.80802
130.75 2.80942
130.8 2.81082
130.85 2.81223
130.9 2.81363
130.95 2.81503
131 2.81643
131.05 2.81783
131.1 2.81923
131.15 2.82063
131.2 2.82203
131.25 2.82343
131.3 2.82483
131.35 2.82623
131.4 2.82763
131.45 2.82902
131.5 2.83042
131.55 2.83182
131.6 2.83322
131.65 2.83461
131.7 2.83601
131.75 2.8374
131.8 2.8388
131.85 2.8402
131.9 2.84159
131.95 2.84298
132 2.84438
132.05 2.84577
132.1 2.84717
132.15 2.84856
132.2 2.84995
132.25 2.85134
132.3 2.85274
132.35 2.85413
132.4 2.85552
132.45 2.85691
132.5 2.8583
132.55 2.85969
132.6 2.86108
132.65 2.86247
132.7 2.86386
132.75 2.86525
132.8 2.86664
132.85 2.86802
132.9 2.86941
132.95 2.8708
133 2.87219
133.05 2.87357
133.1 2.87496
133.15 2.87635
133.2 2.87773
133.25 2.87912
133.3 2.8805
133.35 2.88189
133.4 2.88327
133.45 2.88466
133.5 2.88604
133.55 2.88742
133.6 2.88881
133.65 2.89019
133.7 2.89157
133.75 2.89295
133.8 2.89434
133.85 2.89572
133.9 2.8971
133.95 2.89848
134 2.89986
134.05 2.90124
134.1 2.90262
134.15 2.904
134.2 2.90538
134.25 2.90676
134.3 2.90814
134.35 2.90951
134.4 2.91089
134.45 2.91227
134.5 2.91365
134.55 2.91502
134.6 2.9164
134.65 2.91778
134.7 2.91915
134.75 2.92053
134.8 2.9219
134.85 2.92328
134.9 2.92465
134.95 2.92602
135 2.9274
135.05 2.92877
135.1 2.93015
135.15 2.93152
135.2 2.93289
135.25 2.93426
135.3 2.93563
135.35 2.93701
135.4 2.93838
135.45 2.93975
135.5 2.94112
135.55 2.94249
135.6 2.94386
135.65 2.94523
135.7 2.9466
135.75 2.94797
135.8 2.94934
135.85 2.9507
135.9 2.95207
135.95 2.95344
136 2.95481
136.05 2.95617
136.1 2.95754
136.15 2.95891
136.2 2.96027
136.25 2.96164
136.3 2.963
136.35 2.96437
136.4 2.96573
136.45 2.9671
136.5 2.96846
136.55 2.96983
136.6 2.97119
136.65 2.97255
136.7 2.97392
136.75 2.97528
136.8 2.97664
136.85 2.978
136.9 2.97936
136.95 2.98073
137 2.98209
137.05 2.98345
137.1 2.98481
137.15 2.98617
137.2 2.98753
137.25 2.98889
137.3 2.99025
137.35 2.99161
137.4 2.99296
137.45 2.99432
137.5 2.99568
137.55 2.99704
137.6 2.99839
137.65 2.99975
137.7 3.00111
137.75 3.00246
137.8 3.00382
137.85 3.00518
137.9 3.00653
137.95 3.00789
138 3.00924
138.05 3.0106
138.1 3.01195
138.15 3.0133
138.2 3.01466
138.25 3.01601
138.3 3.01736
138.35 3.01872
138.4 3.02007
138.45 3.02142
138.5 3.02277
138.55 3.02412
138.6 3.02547
138.65 3.02683
138.7 3.02818
138.75 3.02953
138.8 3.03088
138.85 3.03223
138.9 3.03358
138.95 3.03492
139 3.03627
139.05 3.03762
139.1 3.03897
139.15 3.04032
139.2 3.04166
139.25 3.04301
139.3 3.04436
139.35 3.04571
139.4 3.04705
139.45 3.0484
139.5 3.04974
139.55 3.05109
139.6 3.05243
139.65 3.05378
139.7 3.05512
139.75 3.05647
139.8 3.05781
139.85 3.05916
139.9 3.0605
139.95 3.06184
140 3.06318
140.05 3.06453
140.1 3.06587
140.15 3.06721
140.2 3.06855
140.25 3.06989
140.3 3.07123
140.35 3.07258
140.4 3.07392
140.45 3.07526
140.5 3.0766
140.55 3.07794
140.6 3.07927
140.65 3.08061
140.7 3.08195
140.75 3.08329
140.8 3.08463
140.85 3.08597
140.9 3.0873
140.95 3.08864
141 3.08998
141.05 3.09131
141.1 3.09265
141.15 3.09399
141.2 3.09532
141.25 3.09666
141.3 3.09799
141.35 3.09933
141.4 3.10066
141.45 3.102
141.5 3.10333
141.55 3.10467
141.6 3.106
141.65 3.10733
141.7 3.10866
141.75 3.11
141.8 3.11133
141.85 3.11266
141.9 3.11399
141.95 3.11532
142 3.11666
142.05 3.11799
142.1 3.11932
142.15 3.12065
142.2 3.12198
142.25 3.12331
142.3 3.12464
142.35 3.12597
142.4 3.1273
142.45 3.12862
142.5 3.12995
142.55 3.13128
142.6 3.13261
142.65 3.13394
142.7 3.13526
142.75 3.13659
142.8 3.13792
142.85 3.13924
142.9 3.14057
142.95 3.1419
143 3.14322
143.05 3.14455
143.1 3.14587
143.15 3.1472
143.2 3.14852
143.25 3.14985
143.3 3.15117
143.35 3.15249
143.4 3.15382
143.45 3.15514
143.5 3.15646
143.55 3.15779
143.6 3.15911
143.65 3.16043
143.7 3.16175
143.75 3.16307
143.8 3.16439
143.85 3.16572
143.9 3.16704
143.95 3.16836
144 3.16968
144.05 3.171
144.1 3.17232
144.15 3.17364
144.2 3.17495
144.25 3.17627
144.3 3.17759
144.35 3.17891
144.4 3.18023
144.45 3.18155
144.5 3.18286
144.55 3.18418
144.6 3.1855
144.65 3.18681
144.7 3.18813
144.75 3.18945
144.8 3.19076
144.85 3.19208
144.9 3.19339
144.95 3.19471
145 3.19602
145.05 3.19734
145.1 3.19865
145.15 3.19997
145.2 3.20128
145.25 3.20259
145.3 3.20391
145.35 3.20522
145.4 3.20653
145.45 3.20784
145.5 3.20916
145.55 3.21047
145.6 3.21178
145.65 3.21309
145.7 3.2144
145.75 3.21571
145.8 3.21702
145.85 3.21833
145.9 3.21964
145.95 3.22095
146 3.22226
146.05 3.22357
146.1 3.22488
146.15 3.22619
146.2 3.2275
146.25 3.22881
146.3 3.23012
146.35 3.23142
146.4 3.23273
146.45 3.23404
146.5 3.23535
146.55 3.23665
146.6 3.23796
146.65 3.23927
146.7 3.24057
146.75 3.24188
146.8 3.24318
146.85 3.24449
146.9 3.24579
146.95 3.2471
147 3.2484
147.05 3.24971
147.1 3.25101
147.15 3.25231
147.2 3.25362
147.25 3.25492
147.3 3.25622
147.35 3.25753
147.4 3.25883
147.45 3.26013
147.5 3.26143
147.55 3.26273
147.6 3.26404
147.65 3.26534
147.7 3.26664
147.75 3.26794
147.8 3.26924
147.85 3.27054
147.9 3.27184
147.95 3.27314
148 3.27444
148.05 3.27574
148.1 3.27704
148.15 3.27834
148.2 3.27963
148.25 3.28093
148.3 3.28223
148.35 3.28353
148.4 3.28482
148.45 3.28612
148.5 3.28742
148.55 3.28872
148.6 3.29001
148.65 3.29131
148.7 3.2926
148.75 3.2939
148.8 3.2952
148.85 3.29649
148.9 3.29779
148.95 3.29908
149 3.30038
149.05 3.30167
149.1 3.30296
149.15 3.30426
149.2 3.30555
149.25 3.30684
149.3 3.30814
149.35 3.30943
149.4 3.31072
149.45 3.31202
149.5 3.31331
149.55 3.3146
149.6 3.31589
149.65 3.31718
149.7 3.31847
149.75 3.31976
149.8 3.32106
149.85 3.32235
149.9 3.32364
149.95 3.32493
150 3.32622
150.05 3.32751
150.1 3.32879
150.15 3.33008
150.2 3.33137
150.25 3.33266
150.3 3.33395
150.35 3.33524
150.4 3.33653
150.45 3.33781
150.5 3.3391
150.55 3.34039
150.6 3.34167
150.65 3.34296
150.7 3.34425
150.75 3.34553
150.8 3.34682
150.85 3.34811
150.9 3.34939
150.95 3.35068
151 3.35196
151.05 3.35325
151.1 3.35453
151.15 3.35582
151.2 3.3571
151.25 3.35838
151.3 3.35967
151.35 3.36095
151.4 3.36223
151.45 3.36352
151.5 3.3648
151.55 3.36608
151.6 3.36736
151.65 3.36865
151.7 3.36993
151.75 3.37121
151.8 3.37249
151.85 3.37377
151.9 3.37505
151.95 3.37633
152 3.37761
152.05 3.37889
152.1 3.38017
152.15 3.38145
152.2 3.38273
152.25 3.38401
152.3 3.38529
152.35 3.38657
152.4 3.38785
152.45 3.38913
152.5 3.3904
152.55 3.39168
152.6 3.39296
152.65 3.39424
152.7 3.39551
152.75 3.39679
152.8 3.39806
152.85 3.39934
152.9 3.40062
152.95 3.40189
153 3.40317
153.05 3.40444
153.1 3.40571
153.15 3.40699
153.2 3.40826
153.25 3.40954
153.3 3.41081
153.35 3.41208
153.4 3.41335
153.45 3.41463
153.5 3.4159
153.55 3.41717
153.6 3.41844
153.65 3.41971
153.7 3.42098
153.75 3.42225
153.8 3.42352
153.85 3.42479
153.9 3.42606
153.95 3.42733
154 3.4286
154.05 3.42986
154.1 3.43113
154.15 3.4324
154.2 3.43367
154.25 3.43493
154.3 3.4362
154.35 3.43746
154.4 3.43873
154.45 3.43999
154.5 3.44126
154.55 3.44252
154.6 3.44379
154.65 3.44505
154.7 3.44631
154.75 3.44758
154.8 3.44884
154.85 3.4501
154.9 3.45136
154.95 3.45262
155 3.45389
155.05 3.45515
155.1 3.45641
155.15 3.45767
155.2 3.45892
155.25 3.46018
155.3 3.46144
155.35 3.4627
155.4 3.46396
155.45 3.46521
155.5 3.46647
155.55 3.46773
155.6 3.46898
155.65 3.47024
155.7 3.47149
155.75 3.47275
155.8 3.474
155.85 3.47526
155.9 3.47651
155.95 3.47776
156 3.47902
156.05 3.48027
156.1 3.48152
156.15 3.48277
156.2 3.48402
156.25 3.48527
156.3 3.48652
156.35 3.48777
156.4 3.48902
156.45 3.49027
156.5 3.49152
156.55 3.49276
156.6 3.49401
156.65 3.49526
156.7 3.4965
156.75 3.49775
156.8 3.49899
156.85 3.50024
156.9 3.50148
156.95 3.50273
157 3.50397
157.05 3.50521
157.1 3.50646
157.15 3.5077
157.2 3.50894
157.25 3.51018
157.3 3.51142
157.35 3.51266
157.4 3.5139
157.45 3.51514
157.5 3.51638
157.55 3.51761
157.6 3.51885
157.65 3.52009
157.7 3.52132
157.75 3.52256
157.8 3.5238
157.85 3.52503
157.9 3.52626
157.95 3.5275
158 3.52873
158.05 3.52996
158.1 3.5312
158.15 3.53243
158.2 3.53366
158.25 3.53489
158.3 3.53612
158.35 3.53735
158.4 3.53858
158.45 3.53981
158.5 3.54103
158.55 3.54226
158.6 3.54349
158.65 3.54472
158.7 3.54594
158.75 3.54717
158.8 3.54839
158.85 3.54961
158.9 3.55084
158.95 3.55206
159 3.55328
159.05 3.55451
159.1 3.55573
159.15 3.55695
159.2 3.55817
159.25 3.55939
159.3 3.56061
159.35 3.56183
159.4 3.56304
159.45 3.56426
159.5 3.56548
159.55 3.56669
159.6 3.56791
159.65 3.56912
159.7 3.57034
159.75 3.57155
159.8 3.57277
159.85 3.57398
159.9 3.57519
159.95 3.5764
160 3.57761
160.05 3.57882
160.1 3.58003
160.15 3.58124
160.2 3.58245
160.25 3.58366
160.3 3.58487
160.35 3.58607
160.4 3.58728
160.45 3.58848
160.5 3.58969
160.55 3.59089
160.6 3.5921
160.65 3.5933
160.7 3.5945
160.75 3.5957
160.8 3.59691
160.85 3.59811
160.9 3.59931
160.95 3.60051
161 3.6017
161.05 3.6029
161.1 3.6041
161.15 3.6053
161.2 3.60649
161.25 3.60769
161.3 3.60888
161.35 3.61008
161.4 3.61127
161.45 3.61247
161.5 3.61366
161.55 3.61485
161.6 3.61604
161.65 3.61723
161.7 3.61842
161.75 3.61961
161.8 3.6208
161.85 3.62199
161.9 3.62318
161.95 3.62436
162 3.62555
162.05 3.62673
162.1 3.62792
162.15 3.6291
162.2 3.63029
162.25 3.63147
162.3 3.63265
162.35 3.63383
162.4 3.63501
162.45 3.63619
162.5 3.63737
162.55 3.63855
162.6 3.63973
162.65 3.64091
162.7 3.64208
162.75 3.64326
162.8 3.64444
162.85 3.64561
162.9 3.64678
162.95 3.64796
163 3.64913
163.05 3.6503
163.1 3.65147
163.15 3.65265
163.2 3.65382
163.25 3.65498
163.3 3.65615
163.35 3.65732
163.4 3.65849
163.45 3.65966
163.5 3.66082
163.55 3.66199
163.6 3.66315
163.65 3.66432
163.7 3.66548
163.75 3.66664
163.8 3.6678
163.85 3.66896
163.9 3.67012
163.95 3.67128
164 3.67244
164.05 3.6736
164.1 3.67476
164.15 3.67592
164.2 3.67707
164.25 3.67823
164.3 3.67938
164.35 3.68054
164.4 3.68169
164.45 3.68284
164.5 3.684
164.55 3.68515
164.6 3.6863
164.65 3.68745
164.7 3.6886
164.75 3.68975
164.8 3.69089
164.85 3.69204
164.9 3.69319
164.95 3.69433
165 3.69548
165.05 3.69662
165.1 3.69777
165.15 3.69891
165.2 3.70005
165.25 3.70119
165.3 3.70233
165.35 3.70347
165.4 3.70461
165.45 3.70575
165.5 3.70689
165.55 3.70803
165.6 3.70916
165.65 3.7103
165.7 3.71143
165.75 3.71257
165.8 3.7137
165.85 3.71483
165.9 3.71597
165.95 3.7171
166 3.71823
166.05 3.71936
166.1 3.72049
166.15 3.72162
166.2 3.72274
166.25 3.72387
166.3 3.725
166.35 3.72612
166.4 3.72725
166.45 3.72837
166.5 3.72949
166.55 3.73062
166.6 3.73174
166.65 3.73286
166.7 3.73398
166.75 3.7351
166.8 3.73622
166.85 3.73734
166.9 3.73846
166.95 3.73957
167 3.74069
167.05 3.7418
167.1 3.74292
167.15 3.74403
167.2 3.74514
167.25 3.74626
167.3 3.74737
167.35 3.74848
167.4 3.74959
167.45 3.7507
167.5 3.75181
167.55 3.75292
167.6 3.75402
167.65 3.75513
167.7 3.75623
167.75 3.75734
167.8 3.75844
167.85 3.75955
167.9 3.76065
167.95 3.76175
168 3.76285
168.05 3.76395
168.1 3.76505
168.15 3.76615
168.2 3.76725
168.25 3.76835
168.3 3.76945
168.35 3.77054
168.4 3.77164
168.45 3.77273
168.5 3.77383
168.55 3.77492
168.6 3.77601
168.65 3.7771
168.7 3.77819
168.75 3.77928
168.8 3.78037
168.85 3.78146
168.9 3.78255
168.95 3.78364
169 3.78472
169.05 3.78581
169.1 3.78689
169.15 3.78798
169.2 3.78906
169.25 3.79014
169.3 3.79123
169.35 3.79231
169.4 3.79339
169.45 3.79447
169.5 3.79555
169.55 3.79662
169.6 3.7977
169.65 3.79878
169.7 3.79985
169.75 3.80093
169.8 3.802
169.85 3.80308
169.9 3.80415
169.95 3.80522
170 3.8063
170.05 3.80737
170.1 3.80844
170.15 3.80951
170.2 3.81057
170.25 3.81164
170.3 3.81271
170.35 3.81378
170.4 3.81484
170.45 3.81591
170.5 3.81697
170.55 3.81803
170.6 3.8191
170.65 3.82016
170.7 3.82122
170.75 3.82228
170.8 3.82334
170.85 3.8244
170.9 3.82546
170.95 3.82651
171 3.82757
171.05 3.82863
171.1 3.82968
171.15 3.83074
171.2 3.83179
171.25 3.83284
171.3 3.8339
171.35 3.83495
171.4 3.836
171.45 3.83705
171.5 3.8381
171.55 3.83915
171.6 3.8402
171.65 3.84124
171.7 3.84229
171.75 3.84334
171.8 3.84438
171.85 3.84543
171.9 3.84647
171.95 3.84751
172 3.84855
172.05 3.8496
172.1 3.85064
172.15 3.85168
172.2 3.85272
172.25 3.85375
172.3 3.85479
172.35 3.85583
172.4 3.85687
172.45 3.8579
172.5 3.85894
172.55 3.85997
172.6 3.861
172.65 3.86204
172.7 3.86307
172.75 3.8641
172.8 3.86513
172.85 3.86616
172.9 3.86719
172.95 3.86822
173 3.86925
173.05 3.87028
173.1 3.8713
173.15 3.87233
173.2 3.87335
173.25 3.87438
173.3 3.8754
173.35 3.87642
173.4 3.87745
173.45 3.87847
173.5 3.87949
173.55 3.88051
173.6 3.88153
173.65 3.88255
173.7 3.88356
173.75 3.88458
173.8 3.8856
173.85 3.88661
173.9 3.88763
173.95 3.88864
174 3.88966
174.05 3.89067
174.1 3.89168
174.15 3.8927
174.2 3.89371
174.25 3.89472
174.3 3.89573
174.35 3.89674
174.4 3.89774
174.45 3.89875
174.5 3.89976
174.55 3.90077
174.6 3.90177
174.65 3.90278
174.7 3.90378
174.75 3.90478
174.8 3.90579
174.85 3.90679
174.9 3.90779
174.95 3.90879
175 3.90979
175.05 3.91079
175.1 3.91179
175.15 3.91279
175.2 3.91379
175.25 3.91478
175.3 3.91578
175.35 3.91678
175.4 3.91777
175.45 3.91876
175.5 3.91976
175.55 3.92075
175.6 3.92174
175.65 3.92274
175.7 3.92373
175.75 3.92472
175.8 3.92571
175.85 3.9267
175.9 3.92768
175.95 3.92867
176 3.92966
176.05 3.93065
176.1 3.93163
176.15 3.93262
176.2 3.9336
176.25 3.93459
176.3 3.93557
176.35 3.93655
176.4 3.93753
176.45 3.93852
176.5 3.9395
176.55 3.94048
176.6 3.94146
176.65 3.94243
176.7 3.94341
176.75 3.94439
176.8 3.94537
176.85 3.94634
176.9 3.94732
176.95 3.9483
177 3.94927
177.05 3.95024
177.1 3.95122
177.15 3.95219
177.2 3.95316
177.25 3.95413
177.3 3.95511
177.35 3.95608
177.4 3.95705
177.45 3.95801
177.5 3.95898
177.55 3.95995
177.6 3.96092
177.65 3.96189
177.7 3.96285
177.75 3.96382
177.8 3.96478
177.85 3.96575
177.9 3.96671
177.95 3.96767
178 3.96864
178.05 3.9696
178.1 3.97056
178.15 3.97152
178.2 3.97248
178.25 3.97344
178.3 3.9744
178.35 3.97536
178.4 3.97632
178.45 3.97728
178.5 3.97823
178.55 3.97919
178.6 3.98015
178.65 3.9811
178.7 3.98206
178.75 3.98301
178.8 3.98396
178.85 3.98492
178.9 3.98587
178.95 3.98682
179 3.98777
179.05 3.98872
179.1 3.98968
179.15 3.99063
179.2 3.99157
179.25 3.99252
179.3 3.99347
179.35 3.99442
179.4 3.99537
179.45 3.99631
179.5 3.99726
179.55 3.99821
179.6 3.99915
179.65 4.0001
179.7 4.00104
179.75 4.00198
179.8 4.00293
179.85 4.00387
179.9 4.00481
179.95 4.00575
180 4.00669
180.05 4.00764
180.1 4.00858
180.15 4.00952
180.2 4.01045
180.25 4.01139
180.3 4.01233
180.35 4.01327
180.4 4.01421
180.45 4.01514
180.5 4.01608
180.55 4.01702
180.6 4.01795
180.65 4.01889
180.7 4.01982
180.75 4.02075
180.8 4.02169
180.85 4.02262
180.9 4.02355
180.95 4.02449
181 4.02542
181.05 4.02635
181.1 4.02728
181.15 4.02821
181.2 4.02914
181.25 4.03007
181.3 4.031
181.35 4.03193
181.4 4.03286
181.45 4.03378
181.5 4.03471
181.55 4.03564
181.6 4.03656
181.65 4.03749
181.7 4.03841
181.75 4.03934
181.8 4.04026
181.85 4.04119
181.9 4.04211
181.95 4.04304
182 4.04396
182.05 4.04488
182.1 4.0458
182.15 4.04673
182.2 4.04765
182.25 4.04857
182.3 4.04949
182.35 4.05041
182.4 4.05133
182.45 4.05225
182.5 4.05317
182.55 4.05409
182.6 4.05501
182.65 4.05592
182.7 4.05684
182.75 4.05776
182.8 4.05868
182.85 4.05959
182.9 4.06051
182.95 4.06142
183 4.06234
183.05 4.06326
183.1 4.06417
183.15 4.06508
183.2 4.066
183.25 4.06691
183.3 4.06783
183.35 4.06874
183.4 4.06965
183.45 4.07056
183.5 4.07148
183.55 4.07239
183.6 4.0733
183.65 4.07421
183.7 4.07512
183.75 4.07603
183.8 4.07694
183.85 4.07785
183.9 4.07876
183.95 4.07967
184 4.08058
184.05 4.08149
184.1 4.0824
184.15 4.0833
184.2 4.08421
184.25 4.08512
184.3 4.08603
184.35 4.08693
184.4 4.08784
184.45 4.08875
184.5 4.08965
184.55 4.09056
184.6 4.09146
184.65 4.09237
184.7 4.09328
184.75 4.09418
184.8 4.09508
184.85 4.09599
184.9 4.09689
184.95 4.0978
185 4.0987
185.05 4.0996
185.1 4.10051
185.15 4.10141
185.2 4.10231
185.25 4.10321
185.3 4.10412
185.35 4.10502
185.4 4.10592
185.45 4.10682
185.5 4.10772
185.55 4.10862
185.6 4.10952
185.65 4.11042
185.7 4.11132
185.75 4.11222
185.8 4.11312
185.85 4.11402
185.9 4.11492
185.95 4.11582
186 4.11672
186.05 4.11762
186.1 4.11852
186.15 4.11942
186.2 4.12032
186.25 4.12122
186.3 4.12211
186.35 4.12301
186.4 4.12391
186.45 4.12481
186.5 4.12571
186.55 4.1266
186.6 4.1275
186.65 4.1284
186.7 4.12929
186.75 4.13019
186.8 4.13109
186.85 4.13198
186.9 4.13288
186.95 4.13378
187 4.13467
187.05 4.13557
187.1 4.13646
187.15 4.13736
187.2 4.13826
187.25 4.13915
187.3 4.14005
187.35 4.14094
187.4 4.14184
187.45 4.14273
187.5 4.14363
187.55 4.14452
187.6 4.14542
187.65 4.14631
187.7 4.14721
187.75 4.1481
187.8 4.14899
187.85 4.14989
187.9 4.15078
187.95 4.15168
188 4.15257
188.05 4.15347
188.1 4.15436
188.15 4.15525
188.2 4.15615
188.25 4.15704
188.3 4.15794
188.35 4.15883
188.4 4.15972
188.45 4.16062
188.5 4.16151
188.55 4.16241
188.6 4.1633
188.65 4.16419
188.7 4.16509
188.75 4.16598
188.8 4.16687
188.85 4.16777
188.9 4.16866
188.95 4.16955
189 4.17045
189.05 4.17134
189.1 4.17224
189.15 4.17313
189.2 4.17402
189.25 4.17492
189.3 4.17581
189.35 4.1767
189.4 4.1776
189.45 4.17849
189.5 4.17938
189.55 4.18028
189.6 4.18117
189.65 4.18207
189.7 4.18296
189.75 4.18385
189.8 4.18475
189.85 4.18564
189.9 4.18654
189.95 4.18743
190 4.18832
190.05 4.18922
190.1 4.19011
190.15 4.19101
190.2 4.1919
190.25 4.1928
190.3 4.19369
190.35 4.19459
190.4 4.19548
190.45 4.19638
190.5 4.19727
190.55 4.19817
190.6 4.19906
190.65 4.19996
190.7 4.20085
190.75 4.20175
190.8 4.20264
190.85 4.20354
190.9 4.20444
190.95 4.20533
191 4.20623
191.05 4.20712
191.1 4.20802
191.15 4.20892
191.2 4.20981
191.25 4.21071
191.3 4.21161
191.35 4.21251
191.4 4.2134
191.45 4.2143
191.5 4.2152
191.55 4.2161
191.6 4.21699
191.65 4.21789
191.7 4.21879
191.75 4.21969
191.8 4.22059
191.85 4.22149
191.9 4.22239
191.95 4.22328
192 4.22418
192.05 4.22508
192.1 4.22598
192.15 4.22688
192.2 4.22778
192.25 4.22868
192.3 4.22959
192.35 4.23049
192.4 4.23139
192.45 4.23229
192.5 4.23319
192.55 4.23409
192.6 4.23499
192.65 4.2359
192.7 4.2368
192.75 4.2377
192.8 4.23861
192.85 4.23951
192.9 4.24041
192.95 4.24132
193 4.24222
193.05 4.24312
193.1 4.24403
193.15 4.24493
193.2 4.24584
193.25 4.24674
193.3 4.24765
193.35 4.24856
193.4 4.24946
193.45 4.25037
193.5 4.25128
193.55 4.25218
193.6 4.25309
193.65 4.254
193.7 4.25491
193.75 4.25582
193.8 4.25672
193.85 4.25763
193.9 4.25854
193.95 4.25945
194 4.26036
194.05 4.26127
194.1 4.26218
194.15 4.26309
194.2 4.26401
194.25 4.26492
194.3 4.26583
194.35 4.26674
194.4 4.26765
194.45 4.26857
194.5 4.26948
194.55 4.27039
194.6 4.27131
194.65 4.27222
194.7 4.27314
194.75 4.27405
194.8 4.27497
194.85 4.27588
194.9 4.2768
194.95 4.27772
195 4.27864
195.05 4.27955
195.1 4.28047
195.15 4.28139
195.2 4.28231
195.25 4.28323
195.3 4.28415
195.35 4.28507
195.4 4.28599
195.45 4.28691
195.5 4.28783
195.55 4.28875
195.6 4.28967
195.65 4.2906
195.7 4.29152
195.75 4.29244
195.8 4.29337
195.85 4.29429
195.9 4.29522
195.95 4.29614
196 4.29707
196.05 4.29799
196.1 4.29892
196.15 4.29985
196.2 4.30077
196.25 4.3017
196.3 4.30263
196.35 4.30356
196.4 4.30449
196.45 4.30542
196.5 4.30635
196.55 4.30728
196.6 4.30821
196.65 4.30914
196.7 4.31008
196.75 4.31101
196.8 4.31194
196.85 4.31288
196.9 4.31381
196.95 4.31475
197 4.31568
197.05 4.31662
197.1 4.31755
197.15 4.31849
197.2 4.31943
197.25 4.32037
197.3 4.3213
197.35 4.32224
197.4 4.32318
197.45 4.32412
197.5 4.32506
197.55 4.32601
197.6 4.32695
197.65 4.32789
197.7 4.32883
197.75 4.32978
197.8 4.33072
197.85 4.33167
197.9 4.33261
197.95 4.33356
198 4.3345
198.05 4.33545
198.1 4.3364
198.15 4.33735
198.2 4.3383
198.25 4.33924
198.3 4.34019
198.35 4.34115
198.4 4.3421
198.45 4.34305
198.5 4.344
198.55 4.34495
198.6 4.34591
198.65 4.34686
198.7 4.34782
198.75 4.34877
198.8 4.34973
198.85 4.35068
198.9 4.35164
198.95 4.3526
199 4.35356
199.05 4.35452
199.1 4.35548
199.15 4.35644
199.2 4.3574
199.25 4.35836
199.3 4.35932
199.35 4.36029
199.4 4.36125
199.45 4.36222
199.5 4.36318
199.55 4.36415
199.6 4.36511
199.65 4.36608
199.7 4.36705
199.75 4.36802
199.8 4.36899
199.85 4.36996
199.9 4.37093
199.95 4.3719
200 4.37287
200.05 4.37384
200.1 4.37482
200.15 4.37579
200.2 4.37676
200.25 4.37774
200.3 4.37872
200.35 4.37969
200.4 4.38067
200.45 4.38165
200.5 4.38263
200.55 4.38361
200.6 4.38459
200.65 4.38557
200.7 4.38655
200.75 4.38753
200.8 4.38852
200.85 4.3895
200.9 4.39049
200.95 4.39147
201 4.39246
201.05 4.39344
201.1 4.39443
201.15 4.39542
201.2 4.39641
201.25 4.3974
201.3 4.39839
201.35 4.39938
201.4 4.40038
201.45 4.40137
201.5 4.40236
201.55 4.40336
201.6 4.40435
201.65 4.40535
201.7 4.40635
201.75 4.40734
201.8 4.40834
201.85 4.40934
201.9 4.41034
201.95 4.41134
202 4.41235
202.05 4.41335
202.1 4.41435
202.15 4.41536
202.2 4.41636
202.25 4.41737
202.3 4.41837
202.35 4.41938
202.4 4.42039
202.45 4.4214
202.5 4.42241
202.55 4.42342
202.6 4.42443
202.65 4.42544
202.7 4.42646
202.75 4.42747
202.8 4.42849
202.85 4.4295
202.9 4.43052
202.95 4.43153
203 4.43255
203.05 4.43357
203.1 4.43459
203.15 4.43561
203.2 4.43663
203.25 4.43766
203.3 4.43868
203.35 4.4397
203.4 4.44073
203.45 4.44176
203.5 4.44278
203.55 4.44381
203.6 4.44484
203.65 4.44587
203.7 4.4469
203.75 4.44793
203.8 4.44896
203.85 4.44999
203.9 4.45103
203.95 4.45206
204 4.4531
204.05 4.45413
204.1 4.45517
204.15 4.45621
204.2 4.45725
204.25 4.45829
204.3 4.45933
204.35 4.46037
204.4 4.46141
204.45 4.46246
204.5 4.4635
204.55 4.46455
204.6 4.46559
204.65 4.46664
204.7 4.46769
204.75 4.46874
204.8 4.46979
204.85 4.47084
204.9 4.47189
204.95 4.47294
205 4.474
205.05 4.47505
205.1 4.47611
205.15 4.47716
205.2 4.47822
205.25 4.47928
205.3 4.48034
205.35 4.4814
205.4 4.48246
205.45 4.48352
205.5 4.48459
205.55 4.48565
205.6 4.48672
205.65 4.48778
205.7 4.48885
205.75 4.48992
205.8 4.49098
205.85 4.49205
205.9 4.49312
205.95 4.4942
206 4.49527
206.05 4.49634
206.1 4.49742
206.15 4.49849
206.2 4.49957
206.25 4.50065
206.3 4.50172
206.35 4.5028
206.4 4.50388
206.45 4.50496
206.5 4.50605
206.55 4.50713
206.6 4.50821
206.65 4.5093
206.7 4.51039
206.75 4.51147
206.8 4.51256
206.85 4.51365
206.9 4.51474
206.95 4.51583
207 4.51692
207.05 4.51802
207.1 4.51911
207.15 4.52021
207.2 4.5213
207.25 4.5224
207.3 4.5235
207.35 4.5246
207.4 4.5257
207.45 4.5268
207.5 4.5279
207.55 4.529
207.6 4.53011
207.65 4.53121
207.7 4.53232
207.75 4.53342
207.8 4.53453
207.85 4.53564
207.9 4.53675
207.95 4.53786
208 4.53897
208.05 4.54009
208.1 4.5412
208.15 4.54232
208.2 4.54343
208.25 4.54455
208.3 4.54567
208.35 4.54679
208.4 4.54791
208.45 4.54903
208.5 4.55015
208.55 4.55128
208.6 4.5524
208.65 4.55353
208.7 4.55465
208.75 4.55578
208.8 4.55691
208.85 4.55804
208.9 4.55917
208.95 4.5603
209 4.56143
209.05 4.56257
209.1 4.5637
209.15 4.56484
209.2 4.56597
209.25 4.56711
209.3 4.56825
209.35 4.56939
209.4 4.57053
209.45 4.57167
209.5 4.57282
209.55 4.57396
209.6 4.57511
209.65 4.57625
209.7 4.5774
209.75 4.57855
209.8 4.5797
209.85 4.58085
209.9 4.582
209.95 4.58315
210 4.58431
210.05 4.58546
210.1 4.58662
210.15 4.58777
210.2 4.58893
210.25 4.59009
210.3 4.59125
210.35 4.59241
210.4 4.59357
210.45 4.59474
210.5 4.5959
210.55 4.59706
210.6 4.59823
210.65 4.5994
210.7 4.60057
210.75 4.60174
210.8 4.60291
210.85 4.60408
210.9 4.60525
210.95 4.60642
211 4.6076
211.05 4.60878
211.1 4.60995
211.15 4.61113
211.2 4.61231
211.25 4.61349
211.3 4.61467
211.35 4.61585
211.4 4.61704
211.45 4.61822
211.5 4.61941
211.55 4.62059
211.6 4.62178
211.65 4.62297
211.7 4.62416
211.75 4.62535
211.8 4.62654
211.85 4.62773
211.9 4.62893
211.95 4.63012
212 4.63132
212.05 4.63252
212.1 4.63371
212.15 4.63491
212.2 4.63611
212.25 4.63732
212.3 4.63852
212.35 4.63972
212.4 4.64093
212.45 4.64213
212.5 4.64334
212.55 4.64455
212.6 4.64576
212.65 4.64697
212.7 4.64818
212.75 4.64939
212.8 4.6506
212.85 4.65182
212.9 4.65303
212.95 4.65425
213 4.65547
213.05 4.65669
213.1 4.65791
213.15 4.65913
213.2 4.66035
213.25 4.66157
213.3 4.66279
213.35 4.66402
213.4 4.66525
213.45 4.66647
213.5 4.6677
213.55 4.66893
213.6 4.67016
213.65 4.67139
213.7 4.67263
213.75 4.67386
213.8 4.67509
213.85 4.67633
213.9 4.67757
213.95 4.6788
214 4.68004
214.05 4.68128
214.1 4.68252
214.15 4.68377
214.2 4.68501
214.25 4.68625
214.3 4.6875
214.35 4.68875
214.4 4.68999
214.45 4.69124
214.5 4.69249
214.55 4.69374
214.6 4.69499
214.65 4.69625
214.7 4.6975
214.75 4.69876
214.8 4.70001
214.85 4.70127
214.9 4.70253
214.95 4.70379
215 4.70505
215.05 4.70631
215.1 4.70757
215.15 4.70883
215.2 4.7101
215.25 4.71136
215.3 4.71263
215.35 4.7139
215.4 4.71517
215.45 4.71644
215.5 4.71771
215.55 4.71898
215.6 4.72025
215.65 4.72152
215.7 4.7228
215.75 4.72408
215.8 4.72535
215.85 4.72663
215.9 4.72791
215.95 4.72919
216 4.73047
216.05 4.73175
216.1 4.73304
216.15 4.73432
216.2 4.73561
216.25 4.73689
216.3 4.73818
216.35 4.73947
216.4 4.74076
216.45 4.74205
216.5 4.74334
216.55 4.74463
216.6 4.74593
216.65 4.74722
216.7 4.74852
216.75 4.74981
216.8 4.7511
216.85 4.7524
216.9 4.75369
216.95 4.75498
217 4.75628
217.05 4.75757
217.1 4.75886
217.15 4.76016
217.2 4.76145
217.25 4.76274
217.3 4.76404
217.35 4.76533
217.4 4.76662
217.45 4.76792
217.5 4.76921
217.55 4.7705
217.6 4.7718
217.65 4.77309
217.7 4.77438
217.75 4.77567
217.8 4.77697
217.85 4.77826
217.9 4.77955
217.95 4.78084
218 4.78214
218.05 4.78343
218.1 4.78472
218.15 4.78601
218.2 4.7873
218.25 4.7886
218.3 4.78989
218.35 4.79118
218.4 4.79247
218.45 4.79376
218.5 4.79506
218.55 4.79635
218.6 4.79764
218.65 4.79893
218.7 4.80022
218.75 4.80151
218.8 4.80281
218.85 4.8041
218.9 4.80539
218.95 4.80668
219 4.80797
219.05 4.80926
219.1 4.81055
219.15 4.81184
219.2 4.81314
219.25 4.81443
219.3 4.81572
219.35 4.81701
219.4 4.8183
219.45 4.81959
219.5 4.82088
219.55 4.82217
219.6 4.82346
219.65 4.82475
219.7 4.82604
219.75 4.82733
219.8 4.82862
219.85 4.82991
219.9 4.8312
219.95 4.8325
220 4.83379
220.05 4.83508
220.1 4.83637
220.15 4.83766
220.2 4.83895
220.25 4.84024
220.3 4.84153
220.35 4.84282
220.4 4.84411
220.45 4.8454
220.5 4.84669
220.55 4.84797
220.6 4.84926
220.65 4.85055
220.7 4.85184
220.75 4.85313
220.8 4.85442
220.85 4.85571
220.9 4.857
220.95 4.85829
221 4.85958
221.05 4.86087
221.1 4.86216
221.15 4.86345
221.2 4.86474
221.25 4.86603
221.3 4.86731
221.35 4.8686
221.4 4.86989
221.45 4.87118
221.5 4.87247
221.55 4.87376
221.6 4.87505
221.65 4.87634
221.7 4.87763
221.75 4.87891
221.8 4.8802
221.85 4.88149
221.9 4.88278
221.95 4.88407
222 4.88536
222.05 4.88665
222.1 4.88793
222.15 4.88922
222.2 4.89051
222.25 4.8918
222.3 4.89309
222.35 4.89437
222.4 4.89566
222.45 4.89695
222.5 4.89824
222.55 4.89953
222.6 4.90081
222.65 4.9021
222.7 4.90339
222.75 4.90468
222.8 4.90597
222.85 4.90725
222.9 4.90854
222.95 4.90983
223 4.91112
223.05 4.9124
223.1 4.91369
223.15 4.91498
223.2 4.91627
223.25 4.91755
223.3 4.91884
223.35 4.92013
223.4 4.92142
223.45 4.9227
223.5 4.92399
223.55 4.92528
223.6 4.92656
223.65 4.92785
223.7 4.92914
223.75 4.93043
223.8 4.93171
223.85 4.933
223.9 4.93429
223.95 4.93557
224 4.93686
224.05 4.93815
224.1 4.93943
224.15 4.94072
224.2 4.94201
224.25 4.94329
224.3 4.94458
224.35 4.94587
224.4 4.94715
224.45 4.94844
224.5 4.94973
224.55 4.95101
224.6 4.9523
224.65 4.95359
224.7 4.95487
224.75 4.95616
224.8 4.95745
224.85 4.95873
224.9 4.96002
224.95 4.9613
225 4.96259
225.05 4.96388
225.1 4.96516
225.15 4.96645
225.2 4.96774
225.25 4.96902
225.3 4.97031
225.35 4.97159
225.4 4.97288
225.45 4.97417
225.5 4.97545
225.55 4.97674
225.6 4.97802
225.65 4.97931
225.7 4.98059
225.75 4.98188
225.8 4.98317
225.85 4.98445
225.9 4.98574
225.95 4.98702
226 4.98831
226.05 4.98959
226.1 4.99088
226.15 4.99217
226.2 4.99345
226.25 4.99474
226.3 4.99602
226.35 4.99731
226.4 4.99859
226.45 4.99988
226.5 5.00116
226.55 5.00245
226.6 5.00373
226.65 5.00502
226.7 5.0063
226.75 5.00759
226.8 5.00887
226.85 5.01016
226.9 5.01145
226.95 5.01273
227 5.01402
227.05 5.0153
227.1 5.01659
227.15 5.01787
227.2 5.01916
227.25 5.02044
227.3 5.02173
227.35 5.02301
227.4 5.0243
227.45 5.02558
227.5 5.02686
227.55 5.02815
227.6 5.02943
227.65 5.03072
227.7 5.032
227.75 5.03329
227.8 5.03457
227.85 5.03586
227.9 5.03714
227.95 5.03843
228 5.03971
228.05 5.041
228.1 5.04228
228.15 5.04357
228.2 5.04485
228.25 5.04613
228.3 5.04742
228.35 5.0487
228.4 5.04999
228.45 5.05127
228.5 5.05256
228.55 5.05384
228.6 5.05513
228.65 5.05641
228.7 5.05769
228.75 5.05898
228.8 5.06026
228.85 5.06155
228.9 5.06283
228.95 5.06412
229 5.0654
229.05 5.06668
229.1 5.06797
229.15 5.06925
229.2 5.07054
229.25 5.07182
229.3 5.07311
229.35 5.07439
229.4 5.07567
229.45 5.07696
229.5 5.07824
229.55 5.07953
229.6 5.08081
229.65 5.08209
229.7 5.08338
229.75 5.08466
229.8 5.08595
229.85 5.08723
229.9 5.08851
229.95 5.0898
230 5.09108
230.05 5.09237
230.1 5.09365
230.15 5.09493
230.2 5.09622
230.25 5.0975
230.3 5.09878
230.35 5.10007
230.4 5.10135
230.45 5.10264
230.5 5.10392
230.55 5.1052
230.6 5.10649
230.65 5.10777
230.7 5.10905
230.75 5.11034
230.8 5.11162
230.85 5.11291
230.9 5.11419
230.95 5.11547
231 5.11676
231.05 5.11804
231.1 5.11932
231.15 5.12061
231.2 5.12189
231.25 5.12317
231.3 5.12446
231.35 5.12574
231.4 5.12703
231.45 5.12831
231.5 5.12959
231.55 5.13088
231.6 5.13216
231.65 5.13344
231.7 5.13473
231.75 5.13601
231.8 5.13729
231.85 5.13858
231.9 5.13986
231.95 5.14114
232 5.14243
232.05 5.14371
232.1 5.14499
232.15 5.14628
232.2 5.14756
232.25 5.14884
232.3 5.15013
232.35 5.15141
232.4 5.15269
232.45 5.15398
232.5 5.15526
232.55 5.15654
232.6 5.15783
232.65 5.15911
232.7 5.1604
232.75 5.16168
232.8 5.16296
232.85 5.16425
232.9 5.16553
232.95 5.16681
233 5.1681
233.05 5.16938
233.1 5.17066
233.15 5.17195
233.2 5.17323
233.25 5.17451
233.3 5.1758
233.35 5.17708
233.4 5.17836
233.45 5.17964
233.5 5.18093
233.55 5.18221
233.6 5.18349
233.65 5.18478
233.7 5.18606
233.75 5.18734
233.8 5.18863
233.85 5.18991
233.9 5.19119
233.95 5.19248
234 5.19376
234.05 5.19504
234.1 5.19633
234.15 5.19761
234.2 5.19889
234.25 5.20018
234.3 5.20146
234.35 5.20274
234.4 5.20403
234.45 5.20531
234.5 5.20659
234.55 5.20788
234.6 5.20916
234.65 5.21044
234.7 5.21173
234.75 5.21301
234.8 5.21429
234.85 5.21558
234.9 5.21686
234.95 5.21814
235 5.21943
235.05 5.22071
235.1 5.22199
235.15 5.22328
235.2 5.22456
235.25 5.22584
235.3 5.22713
235.35 5.22841
235.4 5.22969
235.45 5.23098
235.5 5.23226
235.55 5.23354
235.6 5.23483
235.65 5.23611
235.7 5.23739
235.75 5.23868
235.8 5.23996
235.85 5.24124
235.9 5.24253
235.95 5.24381
236 5.24509
236.05 5.24638
236.1 5.24766
236.15 5.24894
236.2 5.25023
236.25 5.25151
236.3 5.25279
236.35 5.25408
236.4 5.25536
236.45 5.25664
236.5 5.25793
236.55 5.25921
236.6 5.26049
236.65 5.26178
236.7 5.26306
236.75 5.26434
236.8 5.26563
236.85 5.26691
236.9 5.26819
236.95 5.26948
237 5.27076
237.05 5.27204
237.1 5.27333
237.15 5.27461
237.2 5.27589
237.25 5.27718
237.3 5.27846
237.35 5.27974
237.4 5.28103
237.45 5.28231
237.5 5.2836
237.55 5.28488
237.6 5.28616
237.65 5.28745
237.7 5.28873
237.75 5.29001
237.8 5.2913
237.85 5.29258
237.9 5.29386
237.95 5.29515
238 5.29643
238.05 5.29771
238.1 5.299
238.15 5.30028
238.2 5.30157
238.25 5.30285
238.3 5.30413
238.35 5.30542
238.4 5.3067
238.45 5.30798
238.5 5.30927
238.55 5.31055
238.6 5.31184
238.65 5.31312
238.7 5.3144
238.75 5.31569
238.8 5.31697
238.85 5.31826
238.9 5.31954
238.95 5.32082
239 5.32211
239.05 5.32339
239.1 5.32467
239.15 5.32596
239.2 5.32724
239.25 5.32853
239.3 5.32981
239.35 5.33109
239.4 5.33238
239.45 5.33366
239.5 5.33495
239.55 5.33623
239.6 5.33752
239.65 5.3388
239.7 5.34008
239.75 5.34137
239.8 5.34265
239.85 5.34394
239.9 5.34522
239.95 5.3465
240 5.34779
240.05 5.34907
240.1 5.35036
240.15 5.35164
240.2 5.35293
240.25 5.35421
240.3 5.35549
240.35 5.35678
240.4 5.35806
240.45 5.35935
240.5 5.36063
240.55 5.36192
240.6 5.3632
240.65 5.36449
240.7 5.36577
240.75 5.36705
240.8 5.36834
240.85 5.36962
240.9 5.37091
240.95 5.37219
241 5.37348
241.05 5.37476
241.1 5.37605
241.15 5.37733
241.2 5.37862
241.25 5.3799
241.3 5.38118
241.35 5.38247
241.4 5.38375
241.45 5.38504
241.5 5.38632
241.55 5.38761
241.6 5.38889
241.65 5.39018
241.7 5.39146
241.75 5.39275
241.8 5.39403
241.85 5.39532
241.9 5.3966
241.95 5.39789
242 5.39917
242.05 5.40046
242.1 5.40174
242.15 5.40303
242.2 5.40431
242.25 5.4056
242.3 5.40688
242.35 5.40817
242.4 5.40945
242.45 5.41074
242.5 5.41203
242.55 5.41331
242.6 5.4146
242.65 5.41588
242.7 5.41717
242.75 5.41845
242.8 5.41974
242.85 5.42102
242.9 5.42231
242.95 5.42359
243 5.42488
243.05 5.42617
243.1 5.42745
243.15 5.42874
243.2 5.43002
243.25 5.43131
243.3 5.43259
243.35 5.43388
243.4 5.43516
243.45 5.43645
243.5 5.43774
243.55 5.43902
243.6 5.44031
243.65 5.44159
243.7 5.44288
243.75 5.44417
243.8 5.44545
243.85 5.44674
243.9 5.44802
243.95 5.44931
244 5.4506
244.05 5.45188
244.1 5.45317
244.15 5.45445
244.2 5.45574
244.25 5.45703
244.3 5.45831
244.35 5.4596
244.4 5.46089
244.45 5.46217
244.5 5.46346
244.55 5.46475
244.6 5.46603
244.65 5.46732
244.7 5.4686
244.75 5.46989
244.8 5.47118
244.85 5.47246
244.9 5.47375
244.95 5.47504
245 5.47632
245.05 5.47761
245.1 5.4789
245.15 5.48019
245.2 5.48147
245.25 5.48276
245.3 5.48405
245.35 5.48533
245.4 5.48662
245.45 5.48791
245.5 5.48919
245.55 5.49048
245.6 5.49177
245.65 5.49306
245.7 5.49434
245.75 5.49563
245.8 5.49692
245.85 5.4982
245.9 5.49949
245.95 5.50078
246 5.50207
246.05 5.50335
246.1 5.50464
246.15 5.50593
246.2 5.50722
246.25 5.5085
246.3 5.50979
246.35 5.51108
246.4 5.51237
246.45 5.51365
246.5 5.51494
246.55 5.51623
246.6 5.51752
246.65 5.51881
246.7 5.52009
246.75 5.52138
246.8 5.52267
246.85 5.52396
246.9 5.52525
246.95 5.52653
247 5.52782
247.05 5.52911
247.1 5.5304
247.15 5.53169
247.2 5.53298
247.25 5.53426
247.3 5.53555
247.35 5.53684
247.4 5.53813
247.45 5.53942
247.5 5.54071
247.55 5.54199
247.6 5.54328
247.65 5.54457
247.7 5.54586
247.75 5.54715
247.8 5.54844
247.85 5.54973
247.9 5.55102
247.95 5.5523
248 5.55359
248.05 5.55488
248.1 5.55617
248.15 5.55746
248.2 5.55875
248.25 5.56004
248.3 5.56133
248.35 5.56262
248.4 5.56391
248.45 5.5652
248.5 5.56649
248.55 5.56777
248.6 5.56906
248.65 5.57035
248.7 5.57164
248.75 5.57293
248.8 5.57422
248.85 5.57551
248.9 5.5768
248.95 5.57809
249 5.57938
249.05 5.58067
249.1 5.58196
249.15 5.58325
249.2 5.58454
249.25 5.58583
249.3 5.58712
249.35 5.58841
249.4 5.5897
249.45 5.59099
249.5 5.59228
249.55 5.59357
249.6 5.59486
249.65 5.59615
249.7 5.59744
249.75 5.59873
249.8 5.60002
249.85 5.60131
249.9 5.60261
249.95 5.6039
250 5.60519
250.05 5.60648
250.1 5.60777
250.15 5.60906
250.2 5.61035
250.25 5.61164
250.3 5.61293
250.35 5.61422
250.4 5.61551
250.45 5.61681
250.5 5.6181
250.55 5.61939
250.6 5.62068
250.65 5.62197
250.7 5.62326
250.75 5.62455
250.8 5.62584
250.85 5.62714
250.9 5.62843
250.95 5.62972
251 5.63101
251.05 5.6323
251.1 5.63359
251.15 5.63489
251.2 5.63618
251.25 5.63747
251.3 5.63876
251.35 5.64005
251.4 5.64135
251.45 5.64264
251.5 5.64393
251.55 5.64522
251.6 5.64652
251.65 5.64781
251.7 5.6491
251.75 5.65039
251.8 5.65168
251.85 5.65298
251.9 5.65427
251.95 5.65556
252 5.65686
252.05 5.65815
252.1 5.65944
252.15 5.66073
252.2 5.66203
252.25 5.66332
252.3 5.66461
252.35 5.66591
252.4 5.6672
252.45 5.66849
252.5 5.66979
252.55 5.67108
252.6 5.67237
252.65 5.67367
252.7 5.67496
252.75 5.67625
252.8 5.67755
252.85 5.67884
252.9 5.68013
252.95 5.68143
253 5.68272
253.05 5.68401
253.1 5.68531
253.15 5.6866
253.2 5.6879
253.25 5.68919
253.3 5.69048
253.35 5.69178
253.4 5.69307
253.45 5.69437
253.5 5.69566
253.55 5.69696
253.6 5.69825
253.65 5.69955
253.7 5.70084
253.75 5.70213
253.8 5.70343
253.85 5.70472
253.9 5.70602
253.95 5.70731
254 5.70861
254.05 5.7099
254.1 5.7112
254.15 5.71249
254.2 5.71379
254.25 5.71508
254.3 5.71638
254.35 5.71767
254.4 5.71897
254.45 5.72027
254.5 5.72156
254.55 5.72286
254.6 5.72415
254.65 5.72545
254.7 5.72674
254.75 5.72804
254.8 5.72934
254.85 5.73063
254.9 5.73193
254.95 5.73322
255 5.73452
255.05 5.73582
255.1 5.73711
255.15 5.73841
255.2 5.7397
255.25 5.741
255.3 5.7423
255.35 5.74359
255.4 5.74489
255.45 5.74619
255.5 5.74748
255.55 5.74878
255.6 5.75008
255.65 5.75138
255.7 5.75267
255.75 5.75397
255.8 5.75527
255.85 5.75656
255.9 5.75786
255.95 5.75916
256 5.76046
256.05 5.76175
256.1 5.76305
256.15 5.76435
256.2 5.76565
256.25 5.76694
256.3 5.76824
256.35 5.76954
256.4 5.77084
256.45 5.77213
256.5 5.77343
256.55 5.77473
256.6 5.77603
256.65 5.77733
256.7 5.77863
256.75 5.77992
256.8 5.78122
256.85 5.78252
256.9 5.78382
256.95 5.78512
257 5.78642
257.05 5.78772
257.1 5.78901
257.15 5.79031
257.2 5.79161
257.25 5.79291
257.3 5.79421
257.35 5.79551
257.4 5.79681
257.45 5.79811
257.5 5.79941
257.55 5.80071
257.6 5.80201
257.65 5.80331
257.7 5.80461
257.75 5.80591
257.8 5.80721
257.85 5.8085
257.9 5.8098
257.95 5.8111
258 5.8124
258.05 5.81371
258.1 5.81501
258.15 5.81631
258.2 5.81761
258.25 5.81891
258.3 5.82021
258.35 5.82151
258.4 5.82281
258.45 5.82411
258.5 5.82541
258.55 5.82671
258.6 5.82801
258.65 5.82931
258.7 5.83061
258.75 5.83191
258.8 5.83322
258.85 5.83452
258.9 5.83582
258.95 5.83712
259 5.83842
259.05 5.83972
259.1 5.84102
259.15 5.84233
259.2 5.84363
259.25 5.84493
259.3 5.84623
259.35 5.84753
259.4 5.84884
259.45 5.85014
259.5 5.85144
259.55 5.85274
259.6 5.85404
259.65 5.85535
259.7 5.85665
259.75 5.85795
259.8 5.85925
259.85 5.86056
259.9 5.86186
259.95 5.86316
260 5.86447
260.05 5.86577
260.1 5.86707
260.15 5.86838
260.2 5.86968
260.25 5.87098
260.3 5.87229
260.35 5.87359
260.4 5.87489
260.45 5.8762
260.5 5.8775
260.55 5.8788
260.6 5.88011
260.65 5.88141
260.7 5.88272
260.75 5.88402
260.8 5.88532
260.85 5.88663
260.9 5.88793
260.95 5.88924
261 5.89054
261.05 5.89185
261.1 5.89315
261.15 5.89445
261.2 5.89576
261.25 5.89706
261.3 5.89837
261.35 5.89967
261.4 5.90098
261.45 5.90228
261.5 5.90359
261.55 5.9049
261.6 5.9062
261.65 5.90751
261.7 5.90881
261.75 5.91012
261.8 5.91142
261.85 5.91273
261.9 5.91403
261.95 5.91534
262 5.91665
262.05 5.91795
262.1 5.91926
262.15 5.92057
262.2 5.92187
262.25 5.92318
262.3 5.92448
262.35 5.92579
262.4 5.9271
262.45 5.9284
262.5 5.92971
262.55 5.93102
262.6 5.93233
262.65 5.93363
262.7 5.93494
262.75 5.93625
262.8 5.93755
262.85 5.93886
262.9 5.94017
262.95 5.94148
263 5.94278
263.05 5.94409
263.1 5.9454
263.15 5.94671
263.2 5.94802
263.25 5.94932
263.3 5.95063
263.35 5.95194
263.4 5.95325
263.45 5.95456
263.5 5.95587
263.55 5.95718
263.6 5.95848
263.65 5.95979
263.7 5.9611
263.75 5.96241
263.8 5.96372
263.85 5.96503
263.9 5.96634
263.95 5.96765
264 5.96896
264.05 5.97027
264.1 5.97158
264.15 5.97289
264.2 5.97419
264.25 5.9755
264.3 5.97681
264.35 5.97812
264.4 5.97943
264.45 5.98074
264.5 5.98205
264.55 5.98337
264.6 5.98468
264.65 5.98599
264.7 5.9873
264.75 5.98861
264.8 5.98992
264.85 5.99123
264.9 5.99254
264.95 5.99385
265 5.99516
265.05 5.99647
265.1 5.99778
265.15 5.9991
